0.21734394433697324
0.08623881320201277
0.4611633160159625
0.8139179421091671
0.02959447738642318
0.2072662670832287
0.30067300185744583
0.15396227606023916
0.4765257884586117
0.019432800002744166
0.5276456994013622
0.8041184428056928
0.5659139585767352
0.9934417264076585
0.8902832728516274
0.4580626875021645
0.5249626753084083
0.493224020696029
0.2203365681233691
0.4580196511369229
0.7468813141939603
0.30778217638650485
0.7015777077685641
0.7111550163244357
0.42419434776937126
0.3515984529720071
0.8046946973895033
0.17174284208023183
0.6201396041185838
0.6624397446589838
0.11416964779473926
0.17120810729349778
0.3501543388879018
0.7265704957669473
0.7206822781181322
0.008633426573193437
0.006829801270728519
0.8518200996018739
0.7166047892242352
0.1279559440329957
0.23676059610161582
0.8222054355522789
0.9790564465738631
0.6121650397958385
0.6382433699375115
0.6193493761533932
0.20744468403716676
0.31250584792817804
0.3240473477407947
0.6106814991960897
0.40094669121691495
0.8769922974142241
0.7184622417579681
0.04863764896829359
0.3060648277195418
0.30547477448072136
0.41314847076397154
0.07920286310508995
0.4218575859066741
0.8273845222768532
0.24630404072398882
0.4033239609012995
0.09617613164704841
0.31707138902322785
0.6841374875322492
0.9209498084921272
0.011692867087684577
0.6338103854079389
0.6523707024022602
0.3495917901811282
0.8849523363489755
0.46571841710565454
0.13655106097721847
0.9046073238583177
0.5420890011937752
0.580053163573603
0.1878326858069156
0.7637488680635655
0.7827993282083711
0.2459138332913623
0.8827261236226214
0.8160016069730887
0.1762329439191349
0.6600889118929154
0.9755965831205894
0.9534896761089844
0.29526253169158456
0.6148288279215438
0.9294029364685418
0.5855092682203159
0.004324985825404304
0.2780314100679704
0.79405443825299
0.6241829146836236
0.8738304153917261
0.5886436063054031
0.25577787915833694
0.16320978297706057
0.5209106680820869
0.766187792814525
0.6938422448825741
0.9295920026524825
0.6374274285675976
0.5517820573733412
0.8247015841690257
0.8889816848888134
0.6491468874681382
0.7398734374227703
0.5001922035316274
0.08128561335401219
0.6939350526721152
0.6822967116190685
0.8803480144401543
0.7853700964838501
0.08658568505987341
0.7226006228417308
0.37088951942533466
0.6597313503854143
0.8939920821874978
0.28097682950783454
0.23301560361735896
0.8804504343959475
0.7456193510502973
0.4290578096066381
0.5888516537350287
0.7453525232225167
0.026100751247020604
0.10715823496543486
0.22883518470243613
0.42925650362883305
0.1528457917686259
0.7137599304118072
0.2168221764488757
0.22244785681244594
0.4380181658327923
0.8759094490319254
0.8521023288610261
0.506053034409112
0.2891625655850052
0.7293101147623999
0.9073289937701982
0.19216113737528684
0.637640022511322
0.2110550382769658
0.26219988555456253
0.06986759798054532
0.5435539341215232
0.6205108432748869
0.37278313806105967
0.1443404648549882
0.11380580690246522
0.7326795725355694
0.25555656146660044
0.6990240120384176
0.7616284032538199
0.42328423126723125
0.5097113669771116
0.2625144237411602
0.5407864673760601
0.93922574738505
0.5409526039875743
0.9650863737812967
0.8754071853562685
0.724422975150946
0.6701362032069119
0.5177538734124913
0.26774779025989204
0.28468440639801906
0.5591442957972569
0.809698426831731
0.9034339008532121
0.274749875255488
0.8426459800057637
0.012115204637373922
0.8771987793789194
0.32892034918780855
0.20610718717970689
0.6149334708966552
0.24031665207418096
0.38337334929857714
0.8076827553166748
0.2448900150418425
0.5112251768137931
0.8322815081251606
0.467179935452931
0.159320201288492
0.3284889506416594
0.53540994234034
0.15794640957157058
0.3755979955137637
0.8817706728396584
0.4721733440855639
0.45951173936701206
0.14670457114886226
0.12165723982531285
0.1992987599271595
0.3802687419773908
0.729985870170709
0.7744184127828703
0.42464503007945753
0.11773468482992566
0.8124701394760698
0.0664692464371639
0.0708063835835484
0.057196516403838604
0.5663166281422034
0.47112108842193434
0.8280498628564631
0.5622356257149178
0.21810903583452257
0.0373060652118582
0.9308147344517044
0.6111528356216561
0.2985834915489325
0.7130868597298554
0.3691301279829602
0.6035508813712861
0.0232768854231874
0.5984820178684657
0.5139062358510857
0.26039699570513275
0.4309510436604438
0.9928916221057696
0.14238344356842436
0.033802389672510036
0.6902160064433333
0.746782819976372
0.48459554113846504
0.2734671286402385
0.469886937294005
0.10350273922578213
0.7986402197070466
0.08487828106351947
0.1316937297791294
0.9853305375832512
0.4551591113598351
0.9320645835452652
0.8063410832867807
0.19229207653136882
0.04671757574112423
0.6854907011178275
0.3648789904385764
0.22502139307589197
0.9256492767362174
0.478556408544614
0.21366038962028244
0.24799813398025872
0.409205990944302
0.5472126596556441
0.35150167824216916
0.1503637090696337
0.19170009188474357
0.08431277434350992
0.6996635005917834
0.8675873833428778
0.7037634938359737
0.6651639210564804
0.007982117264381805
0.059767472900851604
0.43777639767195065
0.2859744737015536
0.26689486706182686
0.27143994103582025
0.5470567672163594
0.5142148353236009
0.9672057089075292
0.0055451794152963085
0.6017081009566946
0.8151056720057094
0.5723934842428741
0.6533613678300045
0.4127584098892635
0.3853460787526516
0.4452110519794962
0.8532463694890421
0.928443465625294
0.5077033847651298
0.16453867580864223
0.5434611461461777
0.6594658816749615
0.2016715609458667
0.82884873454758
0.9388490927305578
0.2693377205780645
0.607908196474009
0.9715586990967827
0.06753957951099776
0.5615880006763038
0.05843660710720455
0.3310042384601276
0.23253093710110784
0.6993874160148361
0.2766269909148841
0.3008674076205362
0.7625298200772875
0.12786434704381466
0.21120895327004163
0.9172713967862355
0.3899906066537323
0.5657906665244551
0.592736974683203
0.44080306129980673
0.6258395683848799
0.49590548671279144
0.3935265476806602
0.4730614236017723
0.20163776767513608
0.3056609970988561
0.7815075641116254
0.3061537330109507
0.28206250331888727
0.664327722022535
0.08369581757579825
0.9780336438441101
0.6729883271666398
0.13369832402932602
0.907984175502685
0.6101518963791681
0.25116687927737125
0.4874390818100124
0.31290948456208767
0.5816781290936412
0.26497564624660497
0.4642811493881893
0.8642128573790944
0.09229319211585174
0.632985570492184
0.40092812661845656
0.6556201532355886
0.006045261836409521
0.1933671681472966
0.8036561204180388
0.37992832132015875
0.855109740850379
0.4058830735666481
0.4456100568988204
0.6348646743160151
0.6270583296973212
0.16598810359169802
0.7850957419859487
0.5761362001958732
0.3190729018064814
0.5488876058451743
0.49055650899174696
0.7673694719389789
0.5073192298561024
0.19391177017843064
0.07385408751339839
0.4490896192800802
0.7717448241459448
0.5275658995846522
0.4653338615420506
0.7140489840647144
0.9390242492455948
0.2894181345858552
0.12059168206964055
0.17621930422092302
0.8041085807711053
0.47583514285161566
0.5269743144614747
0.6467930323646581
0.5425868757055502
0.3038838896755872
0.7939850713496479
0.9864608909074206
0.6035582363388736
0.753565630558623
0.6575419666451437
0.0940166894824438
0.48707990704384385
0.8835821734606344
0.7323832643484844
0.9825418683263725
0.03096604025475591
0.06678322870508402
0.9962673869298045
0.6324709498119169
0.3805024227567493
0.542090347237283
0.7224816180581708
0.7423105454042815
0.37820411296776735
0.014852093924627718
0.7169576892248324
0.14353798286502462
0.2854906522686754
0.785591870265339
0.8439175661764223
0.0715033473595007
0.5513164407140574
0.47820458530020904
0.3780922639747879
0.8327575426511563
0.307695661003324
0.380872007974715
0.9855296241496533
0.03541183619577393
0.8105533188839177
0.09192087033009211
0.054842609754447436
0.7748810687202017
0.5564091373213788
0.5624144604882702
0.747586751676134
0.8349080237277089
0.9903737512650328
0.9247027303968781
0.09767893052894105
0.16529779453142002
0.5317858027368054
0.3711848091325509
0.6921492063671686
0.40531899146156236
0.5159758683263105
0.7374767651241346
0.7950574641748862
0.07419315354878242
0.5827790248205513
0.6640985493255783
0.9205873882387837
0.9262399715089356
0.16477656866229484
0.2217625869576887
0.467372038160744
0.09694510901282649
0.6408263303012177
0.43078976334034813
0.793413956346252
0.20820576540591307
0.787379280479894
0.30541363520847453
0.4677257909292475
0.8428036126127793
0.07653003277666248
0.22562559620913214
0.5241365896585827
0.02771254395557099
0.6055802931606757
0.8731137962237047
0.6435204493611341
0.3777660476373572
0.9215538542608382
0.8655674806106106
0.9758697045700985
0.9347099578137705
0.5532161486625844
0.5950916082022445
0.2260317769876632
0.8171060410592882
0.024285144863016472
0.7268034149578481
0.18575230333584303
0.9232464367042376
0.1346800478497132
0.17096894633449344
0.5580685217666769
0.21228463751036353
0.184389011982245
0.562192795642205
0.730678918866232
0.08881558502224629
0.47301640842729087
0.681136090289128
0.24153823224355475
0.4853144489107557
0.26705511393870174
0.695845819847562
0.8826366432878272
0.5912677127745785
0.934586881207303
0.835237614468162
0.1419022732333779
0.32112975215621686
0.4457237346352081
0.19684973170135378
0.40281618722747514
0.8589862022133936
0.2698167828404735
0.45307009606913795
0.9097299866693791
0.14134623776980026
0.22435879445833107
0.13013762402650142
0.32539972867522804
0.1769773878977542
0.7354400237978025
0.6089361384452381
0.3295239509981974
0.7473851173299743
0.3120222854971211
0.9085916188703693
0.8064051350983447
0.44952114110157837
0.20349530603383026
0.5588826193526929
0.30495725516155625
0.6475803933477011
0.6309956535213065
0.06473401896737874
0.15554725089141563
0.48302330493341283
0.15380203513556034
0.8629748414856403
0.9608417552221682
0.8318181098317113
0.15028626669208178
0.3177765405965516
0.3802166970784494
0.35800378151163115
0.3385431174951512
0.43123923834176203
0.4233059733044934
0.2994022773667888
0.27156482382263447
0.6892415211955651
0.8670236456465317
0.20470182280520044
0.4014898894153005
0.28648043445060933
0.5553377152294394
0.7347913774914251
0.7436843106352091
0.28114651710089045
0.7433113563093288
0.27395929805827324
0.9769490461796791
0.4479785028736022
0.3658886703502954
0.6729538012195483
0.9570072154015761
0.1836792049864655
0.023536257941805916
0.12697563333862594
0.7325864043290542
0.19919173429361892
0.052066945787422214
0.36175005588440456
0.03349083719664325
0.7603041652411545
0.4690059704099553
0.6592188305433477
0.36145910025173944
0.9405909865471772
0.41707623542198724
0.967668660779655
0.7711536835327498
0.577230224012898
0.4511323644981112
0.8273833501387379
0.6892151377807422
0.8816326742922168
0.9063505546335482
0.6484611458608185
0.27035337952156757
0.8992951758611216
0.17829290402251474
0.7740952086036297
0.46338335988390966
0.42482040033812773
0.3865338947999384
0.5428127574142232
0.002471228177869045
0.863887304333759
0.43760689114527573
0.21384801264030395
0.2232964369347421
0.2921172343516194
0.6296819124824584
0.03213525121944871
0.9645579995632526
0.6955974962097055
0.7122376330858661
0.729358762510499
0.2902393948381319
0.8422357363625106
0.15199935371590523
0.5009898524157016
0.48757019705110716
0.7280759033504208
0.8769839983406037
0.45311040021712845
0.8053236979428146
0.06681613398901942
0.5363850650000798
0.022086742676765025
0.13406549051643046
0.805948063046989
0.41351673454251214
0.48008724532754543
0.2497938053203531
0.1266801587237787
0.4143013817565091
0.3305351399678955
0.7270211792940198
0.40560401322944584
0.38410373372105777
0.43449930396427294
0.7113517622602347
0.674180200055257
0.6308593153192016
0.7824660435880123
0.12370878676306252
0.16307228406793295
0.36124026925707453
0.0512264620952666
0.9955438513187348
0.9888509393882735
0.3943783308642088
0.3115084978451801
0.574216486220625
0.7291544302730961
0.5312403786327812
0.9355401484497252
0.19990031841048672
0.7357018023973987
0.3017748260317772
0.6789269151689029
0.5818652223155718
0.37242274214114424
0.24121986524982297
0.4039902421813095
0.556127600204951
0.4138667263228173
0.2781630197098808
0.7925123401920152
0.9321353018993375
0.5793859583232183
0.5557236541659306
0.6449896089700674
0.14313117055125324
0.5952111622145562
0.13142901442638188
0.49037066578774424
0.3679635637452576
0.24039598041073784
0.9502593778980443
0.39171827089621336
0.6879984303269543
0.6953866831611604
0.11602170459771732
0.1403567681658121
0.18344683994906819
0.2149687957396469
0.6145635625197654
0.8251059028017874
0.2429963096671659
0.5659607560478653
0.4387770731524878
0.48065736210170706
0.1198724933057509
0.8836556536119614
0.12477791621028389
0.8590814830770921
0.7975739118588387
0.8992259942076081
0.293893294916836
0.25433993546206646
0.007059631042315773
0.6055677387589405
0.6275293797966661
0.1154557615325531
0.3228695241953088
0.9191167605803167
0.9528162072267861
0.5898025649998655
0.03464688290885942
0.9996894281303028
0.2966720089901318
0.29565340033927257
0.8487553384898097
0.8214278783032558
0.86348764301584
0.6819072726457199
0.9909543521635391
0.5562438367707322
0.11144147136917915
0.7896403024323884
0.3447982140614979
0.19918131798750538
0.10157188833678221
0.15776975045505293
0.9339275164361411
0.1499207506914474
0.4158650287589304
0.42874957797715896
0.9652427070528643
0.794645489933792
0.45363465607049136
0.5422308883985909
0.9778058719235672
0.8215759975520069
0.35074964603260306
0.49564796224195173
0.6980845570222672
0.47063209750732626
0.8805555102094632
0.027433453374065664
0.11475903589109615
0.16610977823347006
0.4445713377384475
0.6094290433106239
0.8365286584719882
0.9988801806563844
0.7924735876955618
0.6133848711895722
0.8981200065780764
0.05367685370751485
0.6027265096614571
0.5265284857437277
0.8846834329846205
0.21208920322199476
0.13292650685533558
0.3048756395161297
0.32308610019210193
0.28633791585345325
0.141120996838475
0.43515990869148646
0.5378674822063303
0.21534326713148322
0.318625860468835
0.6295535286610744
0.013695848815339584
0.6063067993729345
0.7453524678498032
0.09675417176794421
0.7880217824609037
0.8711312896733895
0.4918074082425957
0.9745657401866082
0.5594596261246463
0.8474980919025105
0.8387176391484716
0.4394070406860723
0.7399947015185989
0.9852394296672632
0.10789766392144695
0.7196071257221727
0.2339307401886841
0.45632198249547495
0.6948163804580647
0.135030580040979
0.17613505303376786
0.3714551670950522
0.01542094720601106
0.1336861641518461
0.10308777119180823
0.15748663002480967
0.5762202843759165
0.16599864631713934
0.7197531628077997
0.11931543358437835
0.6976648142586329
0.07510879032246576
0.6302053525213429
0.09568507524201764
0.3669761657273506
0.6538844843408324
0.7986233563402738
0.5745350548370488
0.6968350762979315
0.06765865815752214
0.6947503027977374
0.03136919989334652
0.3215641634961729
0.1715782144805551
0.5193220142521882
0.8925675069291997
0.22287162903236202
0.9617276012228452
0.13885323739197253
0.7290239214127632
0.6798411601634291
0.303302480832609
0.15864866294360158
0.2613308450698011
0.2163973441602408
0.3456962275496104
0.9907750730499756
0.14719707150037253
0.23534771036470103
0.4387391984078174
0.22466865650493573
0.5422421687477629
0.2686472780271294
0.6898996439562699
0.21147095571941954
0.13038286324162907
0.9997179880815534
0.9750654312573795
0.4819728193481412
0.5274528952487196
0.49714980924561625
0.9307677886227028
0.5162776749908428
0.3469235740988187
0.5173161210037813
0.39959828262334673
0.16014261873575208
0.9514838497123422
0.05426398510208952
0.07171973105187901
0.38299142259853336
0.054334626824103505
0.0744231283483161
0.5812989837629458
0.5780150099356194
0.46058083595726185
0.7888602388526496
0.17409562239771437
0.14890494959206468
0.6499126422047327
0.40918583907288064
0.4463554823168595
0.5170626454640297
0.2055121893579851
0.566577215323735
0.7974327062496523
0.4285374847223101
0.83266567165623
0.6925096637536374
0.9135859333118692
0.5396165298465543
0.38232753999312374
0.2505972744723034
0.3231136254102094
0.8930749913581607
0.7925795243465994
0.8649618299897005
0.0175588139922076
0.3673376569928537
0.20475968294689662
0.3036699899639632
0.14642692482687214
0.49080425044088194
0.7381322281120778
0.7883950755571886
0.8303251707889847
0.2908954153271669
0.01640545969898688
0.46441873589381344
0.33997549308557196
0.8445584130269235
0.15732956128320374
0.3392268483598496
0.6315459275986495
0.6584150547519039
0.5472712543513858
0.7821048710173804
0.20605061885590759
0.6584104582804111
0.03367192022499188
0.5151289652559541
0.2692856050268806
0.29754673707271073
0.527248500620753
0.7383444541111714
0.6822154728981203
0.3171998057201717
0.18038650175592907
0.18060797060283895
0.43160282879063827
0.9381706224853535
0.25551187162507194
0.35405687358205284
0.07145223968722947
0.9889795409361137
0.9412876873838242
0.5439868694583069
0.6056080076077042
0.623747452507996
0.39188483689170683
0.8353303589538623
0.9394757645861982
0.7103021579245139
0.6553547483491764
0.8115352403202416
0.0215478393293832
0.5976645071011635
0.5917386091183876
0.9871373410537094
0.5252350249989373
0.09630460155254195
0.9782517418612846
0.4011426038049932
0.9871492617419572
0.34444929582432726
0.12248800521439063
0.7689478346385326
0.6277165639319101
0.9296949481388224
0.37156051964427583
0.7684850762786328
0.6083968367457268
0.3931795027329671
0.5282159628702302
0.667836600974554
0.24018070212905873
0.5709552461438863
0.812599267081684
0.08011873134333158
0.7037225477214534
0.2088329304387989
0.6044156185258585
0.502013093056365
0.7260973671051993
0.6417943964753995
0.18787415234898053
0.8182070137200974
0.5312356775572442
0.18958552559227093
0.6359254761495121
0.10207676895209317
0.6956415568639078
0.8538739601187305
0.32305069125757324
0.7954809835497882
0.36162010682713086
0.8647509339612752
0.44150661132556435
0.15335672340346962
0.10934485947272621
0.02325949762824675
0.557616120138572
0.11124475356511876
0.5044046992696856
0.47297997182824636
0.9491374923453977
0.8760350650799822
0.9907511059826523
0.0962885947237252
0.25363680012651835
0.6724348617695662
0.7022780860175805
0.2308663362141421
0.5128230693733979
0.21598027558637034
0.9827094525841129
0.6337660756307482
0.4762256785437199
0.09841829157218407
0.08930046816629766
0.2641370890626895
0.2939791155285467
0.07314463827049433
0.28319512867704955
0.549733267959522
0.23369791476667712
0.8868772969491712
0.325224206845959
0.3462727913541144
0.5905447587527721
0.19348685796426113
0.9329433215956513
0.48367927044724734
0.41123760050665636
0.8954051629072377
0.48191483160531723
0.033736173799621905
0.6839579287679215
0.9010561979638252
0.10744265838986511
0.7075138225534062
0.7429548830790019
0.104441153032516
0.8850385762860563
0.10325172596906673
0.6068911917811715
0.40559772004757544
0.36615541425028486
0.2509408143210653
0.1879866522993402
0.25408166983836833
0.9602069228504927
0.7957395266895597
0.35842920438931225
0.08736603458775205
0.17037786147248013
0.28908056270934324
0.5058053875848444
0.5619701280261047
0.7852810325225617
0.3096847675960467
0.6869458219626527
0.20098201858605413
0.8749182645631993
0.9377777476114666
0.8543122694532201
0.8194054659022422
0.07756307925869788
0.3933364533882482
0.12714333612435236
0.5843796837418377
0.7893426184968951
0.8751117244262591
0.2100421305657436
0.5680845026783243
0.3818548710274321
0.02193974420568412
0.3611827962266769
0.4551941227994629
0.14917403383428318
0.5302906639025143
0.6608058698806392
0.6826322120186568
0.8126308706092537
0.5104044420150465
0.17692244434033222
0.07718358940579151
0.11236275494504133
0.19292344136839967
0.5723542160934587
0.38159894097404934
0.9167709559442382
0.5503287738051938
0.5359747146203685
0.09799829450944897
0.11983937284669854
0.22469229824652792
0.26342450699239783
0.852698425941452
0.12451069093720102
0.679917874446801
0.25056276664940447
0.7332193157038184
0.7890018309959705
0.6022167359029192
0.5088611413366543
0.06914223156152355
0.14924585356227593
0.49586569815961967
0.47503615521711506
0.8543721478904289
0.3933331089665132
0.6566960226666229
0.39145502448795866
0.8983547836502199
0.8246787570869861
0.4238934012310712
0.7276457704544663
0.696909584677161
0.671080445707397
0.10787053340127306
0.15828302228190327
0.6275181665072089
0.8827003368127293
0.559726996334387
0.031819197680722944
0.7551855659874882
0.04180072565213866
0.15115304458930068
0.2829914373462684
0.013765556456152406
0.16772981410386734
0.761482831029024
0.5483286871128855
0.6187882323375535
0.33912839946230533
0.7650244061736285
0.4069845759306363
0.9392141425985897
0.3644680464518977
0.31149407342580027
0.7092314383125983
0.6567371759672547
0.18176089295372677
0.03780403923195341
0.0839134858317836
0.5657017798874066
0.7730489422352073
0.6700113415399267
0.9799718010683477
0.8428390940320587
0.6569380079064691
0.3463474174278439
0.6094872650804486
0.6618868745851005
0.974900148902476
0.45894366512258455
0.7162479728766733
0.08200387296939216
0.11411357910951381
0.6588091213763769
0.3322320500557614
0.18527213231761563
0.2385861685826467
0.5885707294277497
0.10596851471824298
0.09641965530593599
0.25167815364966806
0.7838244158393202
0.3970740480861892
0.6043244549820425
0.5617803527737303
0.03727090266073296
0.10006954476519048
0.1232292556688398
0.44940550256559286
0.13391452403365256
0.6528635361466216
0.7883538144253287
0.27437261390834544
0.3979284115768714
0.9468586877443463
0.6507076702442411
0.8213613654583148
0.07912650068148597
0.31312174705312357
0.4654159188103363
0.02104579092135017
0.3453713872275963
0.5687295653267943
0.7828329072283561
0.7891899953881467
0.9558621611241719
0.019420717409343258
0.6565773912208356
0.13835582773759225
0.6963582010830077
0.874226345391933
0.8183025297430345
0.9064175343575643
0.40363110557686477
0.2978598228393383
0.4971455842611734
0.22956496548951344
0.44111352055879616
0.33148277728981246
0.9561038490630533
0.6279398329455965
0.5487752899057105
0.7471406877659283
0.7532615839596309
0.5254336337298785
0.03885969551773505
0.27740902213536744
0.408760157564945
0.9881220188710468
0.7777418884174636
0.7035954400563434
0.5636268107798217
0.19134970002546625
0.39093044645524155
0.21227458857770154
0.530715965504047
0.13771631559407327
0.6200289935497466
0.48986943456056586
0.5744160841602555
0.6043167106873705
0.6085396558595015
0.18904020398833365
0.1569244036730808
0.7743237814196402
0.7821939809982265
0.6906397356043731
0.23727289163596932
0.5030758578918122
0.3363895112148442
0.6898253350325831
0.6279426910039676
0.059871019174575824
0.10396934575711048
0.8777193371425961
0.6918447120053356
0.45654156638772103
0.29713492967557464
0.6394305378975271
0.272101825933445
0.3251034398447892
0.9933399767286112
0.0148513777467979
0.7608697041772688
0.37882170273223903
0.6103544098461947
0.8867053817131971
0.10473060417449886
0.619275742803657
0.24435926883656023
0.5090992088024222
0.579811354818503
0.15275427322681034
0.3660713856955208
0.049603907400743386
0.15799178241711265
0.42551106217453805
0.4769061322356196
0.41425912862338965
0.40966306367626837
0.34746471949383306
0.35925563108393666
0.33433588911868806
0.7582843258698914
0.6028680960644015
0.13954751187508152
0.06885537514035
0.1884197695383526
0.09392156203930202
0.4500895386343735
0.0818735685110824
0.1253446996267874
0.3230087857139776
0.40139042187804985
0.2604272525545145
0.03959238512138208
0.8037371432870295
0.9952471971764069
0.8379855744394668
0.9495269289560774
0.8610974876615427
0.6580553112263379
0.7076484593257271
0.5803273244743573
0.06054094018136991
0.020485936712075326
0.5465993474338844
0.619788873525824
0.8345573235526877
0.8053838263641926
0.44156250041259837
0.8639107960587832
0.9073337182275723
0.5790513286532606
0.8092465125723289
0.6958305482882587
0.7513339212063558
0.9112212232409488
0.9738986491551958
0.974783773100291
0.056879628498388124
0.8724455820035536
0.44975130593777723
0.7234852729464439
0.1274802408786908
0.2435250733941875
0.4916927370434091
0.3199644845735845
0.28877029097509344
0.5470343665597932
0.6258550097726804
0.30524665083679214
0.6660860722982864
0.6271584003394558
0.32757976164378844
0.5200633935397612
0.8672606773677813
0.05442205802964295
0.5693213560550129
0.6858639373231413
0.8409480971176436
0.37380641429274686
0.3912981634598792
0.9408425084941221
0.13239420830532056
0.8704957724089449
0.26866671765541283
0.35723964235094774
0.11463855197408646
0.5759835091415095
0.18894711965417166
0.690456128473315
0.7078098095009658
0.22163860397588675
0.12158360701001625
0.1781171936689131
0.7929103825260522
0.3252569512913521
0.16046586401516194
0.036275459902994744
0.6597650665366946
0.6390182204037975
0.3697826315190972
0.4506999282769816
0.5272473612348592
0.7346335885990593
0.49926626835516896
0.10718706827803692
0.448513724793441
0.9136500963929393
0.7559584912785411
0.6511039248481224
0.9869443128130171
0.5578853377583175
0.6678090604708279
0.8745127308375289
0.10958445299865127
0.712300484945506
0.36260619699233776
0.0662691495802854
0.24000766676166707
0.41500816556787423
0.7794771936186543
0.38697221761495326
0.5805623466616142
0.8256524489301554
0.062164704248420466
0.4859421241775257
0.8549509594826924
0.919884690799001
0.3376424166452544
0.7527753863439005
0.9082289814415528
0.16844258433263914
0.330293939691232
0.5032865128978721
0.7404801947443171
0.34418339784774654
0.3627801791360047
0.4981257131352702
0.13091457105898696
0.2585413279743095
0.706681477468963
0.19888319053811843
0.7902272803124969
0.8915231199057413
0.5824991631429132
0.26457307994650703
0.749363459212539
0.6714865382827243
0.9509626640497295
0.3056607024795269
0.6622293131561348
0.5868697264663787
0.5626451246292571
0.7226369646418356
0.388413565920692
0.6883874446251398
0.46048869970713535
0.731656605158035
0.020998126302229414
0.5148272538109498
0.8210456426030532
0.9735083379814058
0.686113829281111
0.5382126243643892
0.36889576854108064
0.9154536017753164
0.5533950910661831
0.39145146740299563
0.688205896144794
0.09198130469918864
0.48946347736351126
0.3370809100073807
0.8442290061697479
0.21821006693222833
0.9817115213002686
0.8608885977246552
0.1697756611328547
0.3682164344970964
0.7059404826978869
0.8574943490984314
0.9691589494190307
0.9111209053513161
0.5806973230812323
0.8935221918234137
0.7739361784528426
0.06427688543054355
0.540571146427428
0.4333886949813195
0.5131805427852408
0.1882505557508639
0.5431202762207457
0.7733270478033407
0.227979257615478
0.25081869437126214
0.39032295789444704
0.6647631122144133
0.3544846910746863
0.5466645118069271
0.3182866366810082
0.4043917404581998
0.2719101623293618
0.9597661444818303
0.7868625708209414
0.269299178403813
0.7059782600639432
0.5684463912559568
0.4241254494134856
0.7609279323501198
0.16962685958913648
0.4973502094961747
0.847140522868778
0.3996175589929588
0.5740769296726597
0.9517755146168072
0.3901829476798503
0.12012841473855929
0.637422334357314
0.16172958769338397
0.8247223520987529
0.728778797455377
0.1896184716289715
0.14663398347846812
0.39350710553654367
0.7140952392250527
0.2892324684228236
0.44188140849705904
0.1853279405984064
0.7174645592365064
0.6149057414435724
0.03682444729770584
0.2845321726826143
0.9193832815179469
0.6530664917779707
0.4272226318480291
0.21906564810668283
0.43791451241263935
0.13887005284550313
0.6574747878921359
0.6017013172703006
0.4073026193318887
0.7050686505607987
0.495577616609549
0.564247394900218
0.7419015645691447
0.3542275815597534
0.27908429031039494
0.49976005233522325
0.6601944900961688
0.06860631095921388
0.3798671398910002
0.34708299206898074
0.5731415869083181
0.9279052938605764
0.9301765932916982
0.9410867447038862
0.9069087606109447
0.7566712736768779
0.934656032095594
0.839940883697739
0.5144426422570674
0.7466342675708948
0.5534724774813543
0.16441091515155115
0.4079304032763674
0.10580083360969206
0.47972244227997063
0.08208033150274452
0.12883167699402376
0.1797363097620006
0.669327548217231
0.3184075600582067
0.6356137605463089
0.6417068831662367
0.6936492115217668
0.5591454421045214
0.67777255357496
0.7321183127901856
0.11335896298448622
0.8840301798064596
0.3158021234741776
0.823966570511767
0.8134016074936835
0.4918408499056083
0.6351200706560851
0.7761268114286315
0.612278116206453
0.46415524548456844
0.30541929536792956
0.704212773163558
0.14516252022086507
0.02298660526305374
0.452752819814466
0.7398891293030921
0.5784379928778723
0.12071482664080757
0.16096199840814907
0.04749389248846492
0.5278644604974658
0.6957453426195466
0.7146159434930635
0.17067217969301474
0.3469584325556698
0.3608312170946196
0.37527865256254656
0.11902105855775003
0.8035614369252633
0.49244734751229635
0.6930125940400765
0.5599484563477726
0.19920229644918275
0.31503160334502345
0.7157112651416684
0.6164397732093791
0.9047644756888764
0.7903534058332364
0.9146599748646381
0.9493743687842792
0.848269030170522
0.4667736707090234
0.06320213057508739
0.3095231523482028
0.24390208696238158
0.7105805819971617
0.8008059692360001
0.41656881124689726
0.9706573608346756
0.05370131151646351
0.5908888706769088
0.6706819012384593
0.9540166419820194
0.3859395911634592
0.19723033354096953
0.7345226266183961
0.8522880545191143
0.5686783910384269
0.593942421093512
0.9443305999992267
0.7066471481614689
0.7816950771873341
0.990185183984058
0.5707924198462649
0.11508012311096161
0.9724285276718848
0.9309172972755578
0.11008252046162892
0.3970048031865594
0.9737022511820865
0.40908013463295734
0.9081410849070288
0.7211370337670289
0.04550252450159076
0.25187627139722757
0.3870207871654384
0.7817384018140052
0.42784004500629436
0.8094659976229622
0.1469260702416043
0.431922600656548
0.27044648400286597
0.9932053597944732
0.5106267895609551
0.5113983527719367
0.3758559648787856
0.061685574698369994
0.6464224189670361
0.24573075125851396
0.5317110423763263
0.8088926652970774
0.532029201862295
0.8013961931362683
0.7547397194743107
0.8935822878334148
0.53708888700946
0.2948602151432985
0.5100899702632548
0.187764939126988
0.1615400554892168
0.19335558474925996
0.3820019456751579
0.4731452420439586
0.39151674793595737
0.511627673395082
0.6715375663691344
0.053115865696775066
0.6524347371418007
0.15879056541374714
0.5953932639423818
0.5130656069061451
0.00822021583085586
0.4464899942635331
0.5801435111915754
0.8986695592460637
0.5900471102583783
0.1264407585912315
0.8453951716411856
0.8424764682618171
0.6585429173612702
0.028654719902834525
0.41581579992633844
0.06298809521563542
0.2564737383602691
0.782208777542483
0.33292084353206397
0.9435066284653313
0.5590107820772225
0.04377945516448367
0.9576363316906069
0.5234097122442919
0.25418635107906407
0.28386005608173415
0.7979413874075456
0.37689905960537207
0.06494910071722437
0.6493238272576666
0.27286146760767527
0.49602764723986126
0.7577346621854703
0.7139983271609615
0.8939881672457389
0.44927347564167797
0.4246476649557145
0.679661014857513
0.3269989842993498
0.5775086948817553
0.06944301461324787
0.9353884907378178
0.9029540054707258
0.3506226914705861
0.8688330535195565
0.5545878590550296
0.43179460484084164
0.14249188027831772
0.8340664676325864
0.5279199081827369
0.4168231569734845
0.6772421472635215
0.698975709935984
0.6895913139615655
0.8928516808534775
0.43034430189112816
0.4192013055770587
0.8626971588861969
0.48618394650774766
0.43839462475868796
0.7729074479281043
0.8234038966559415
0.2786369489038176
0.3052030312374371
0.5994047017381446
0.7196812176214792
0.6344077708130877
0.12132533500092335
0.6107311572465178
0.8047728897137322
0.014197340888394083
0.4177993952039497
0.6594774566581684
0.18295124075709956
0.022184573962884313
0.8532065874263031
0.8543323531218235
0.7745243112671973
0.44436886015233956
0.9552481720365751
0.5223175642015202
0.04043312619049433
0.3134710392937423
0.7807514212288188
0.05205513464818723
0.23051865718962938
0.17463214953014872
0.38652908759353666
0.5877644000463412
0.15342189315403343
0.18440148910626952
0.5881612837379426
0.11326065753236092
0.5849883541896159
0.09027048101723045
0.41315722588898274
0.5287138818522156
0.5790136391609711
0.9101549761345492
0.24211811419594242
0.8986818602488146
0.6453607051338276
0.0060030284286760605
0.6973684236115296
0.1690716394050784
0.5742942027526586
0.7397283466489298
0.007300491597430181
0.7092028969336384
0.6148787608920501
0.7848190229995523
0.9410028462120903
0.08146132765622349
0.2413459651006966
0.1336042337540856
0.0001340123771266244
0.6866226649830016
0.8157383349643696
0.8074187734223176
0.7227532044755232
0.09477408678348653
0.6828428056016114
0.6454346666235163
0.990051173749196
0.4156920793833937
0.44466582972526536
0.7116865370639058
0.9793929759220078
0.726181486428964
0.11008532374339275
0.9688043390180849
0.18134560791722376
0.46855442453704776
0.18227781944764077
0.6402107805030433
0.933720060254822
0.16172217211032547
0.10012489212522357
0.6540957200978782
0.1756488872859574
0.9449260372685115
0.8080330759288988
0.48011771920787816
0.21440850956880197
0.20291529572128064
0.5834285664542183
0.4250734238424476
0.03865033259908368
0.9406317126120198
0.27167362587815436
0.2877851556050438
0.49203428527776005
0.8145897848705458
0.9981677384015955
0.45650927853585976
0.8343397364178251
0.6879357779351211
0.41873604539864284
0.48301634408486005
0.31871389094911584
0.36642076436774285
0.6159464807576854
0.06404032182416164
0.35430126164287545
0.3886867788245655
0.8358165901486642
0.8204690269195307
0.46211312352427725
0.39133121017463557
0.9203555412493202
0.47170507924187366
0.7665253512635577
0.3243901853771025
0.4091164111985014
0.35563692856002915
0.038805506633841524
0.16635766406536212
0.544028293690901
0.7581920553857759
0.9450904358335612
0.33853251397000006
0.5290204002917342
0.6458020265217816
0.20498132898430144
0.610409853843461
0.4455821601183463
0.05473819686563908
0.5430243110534926
0.2545830963045641
0.4970438863802732
0.759648880905594
0.1476316032658972
0.20409243428049006
0.8146221266855702
0.24049531723271556
0.5306799401336739
0.9531258628239696
0.6731132721409048
0.27061738932492085
0.8858179785169602
0.17994329931118513
0.9830193040149565
0.04216605625977021
0.14104249072867314
0.9294357024912201
0.3394689737932337
0.6542785187554194
0.2632434756399018
0.9323715715904586
0.3120545060860447
0.5538041537429912
0.9408480030498249
0.5671747274523242
0.5535783562893342
0.7831511555119365
0.2561086711795205
0.23075508708044723
0.5282753264972037
0.9460556812427363
0.7409240358249838
0.7119400668438871
0.6199502461593662
0.40729805881106906
0.8674416559885417
0.16150671768470448
0.86377758342916
0.024930957299253098
0.29456782239147394
0.3203702474572637
0.050918132255789006
0.5547434347642657
0.9983221335112722
0.1769539569342533
0.5341985850855833
0.16486141044320413
0.6832536602527165
0.8688676133943746
0.7334623433668743
0.5106543542591805
0.31302929830147885
0.30423256998393944
0.055262650076861264
0.9662785044393548
0.7994789760149709
0.4636005003861361
0.3988976205300343
0.9079587210309541
0.34754941614870893
0.7402064278273135
0.8638840598951204
0.5538448974606722
0.9997114330376591
0.4487359928903233
0.43546485621020536
0.5699189679446548
0.4767911604258579
0.30546713747499954
0.10508339036340353
0.0812941903094283
0.13501740848279553
0.8569065473061732
0.042189729461879155
0.7030974108702246
0.43061073088092117
0.0734899363767949
0.04271528058176444
0.9375728112255657
0.40341811278700235
0.8554935734152677
0.34891086802637916
0.16236595342860516
0.5489595998213561
0.31465856073303144
0.8502007995701377
0.8592425364999378
0.12336397169505375
0.671529681081198
0.3586743533025645
0.3226401744846611
0.6260995807420093
0.24590554194855563
0.7446719611248571
0.3535989202456631
0.8664551930527608
0.3340683803148009
0.5945817019735267
0.5568791304888229
0.5502855134427179
0.04294954292738795
0.16049695722650137
0.9041873892346654
0.4960643542504528
0.8628069087946775
0.3247824239274131
0.7841185383016991
0.6847638763615316
0.7362947945994457
0.7565492982880705
0.3500870934531619
0.10159718889441816
0.18943321122344348
0.4543498196281237
0.24786273077202525
0.5662442274316272
0.3825425169360235
0.05123239112950717
0.10183768053677822
0.6348991754641928
0.38629835242954025
0.5830946758870879
0.1506027165849173
0.8109436885838185
0.6542362059667844
0.7091544113389662
0.45444350321597493
0.3133484061062233
0.10025471299905142
0.6959583367948722
0.46811915389448777
0.4504728872249505
0.16864259267192672
0.2163329579850194
0.8200797464392436
0.3638135408735934
0.7006186056142982
0.47309369911314525
0.21845725365605362
0.3893982664068205
0.9700419477630252
0.7732638358834855
0.15275256637400747
0.28916673377278046
0.17241746744776987
0.45366481004798453
0.20939984637925824
0.11105648075421726
0.7811651663750275
0.16742866642934395
0.7424262167162867
0.24434608836954463
0.9983887013152827
0.11430442872528168
0.7985695695829526
0.6091408718443873
0.42640924677642866
0.7832914771068498
0.5054880262646263
0.9151840135511597
0.559871495275989
0.48468789244191735
0.3593628539278043
0.9581343021504015
0.70353999661664
0.9418517173300743
0.6675602554661685
0.9448110323069189
0.10207491484623887
0.07678145249754453
0.717460086333531
0.8352728368262815
0.7159315753223444
0.44633518898566593
0.9032360225492577
0.4761484147194326
0.4508129514327234
0.8201795017737042
0.629293007572956
0.8470733754288945
0.533193887768606
0.8901894995501131
0.7950953094926203
0.20734040579250312
0.40523384604470924
0.880774251802427
0.448237534076632
0.34906539368075196
0.47855742377517096
0.8719957338024356
0.2854321776922274
0.30197317180511285
0.009007268919480449
0.5194317333694279
0.07391127648787998
0.9677655777048029
0.24156351447162605
0.7695548705350485
0.5510888875535983
0.8990121401626072
0.2585928621553354
0.1173070404715496
0.12394664894757701
0.8710364597447521
0.04145945911049276
0.5653384026737838
0.934129920312145
0.0066329555905392246
0.8841531209609474
0.8692210297865797
0.5160169382848165
0.5492863604141566
0.22466180469663133
0.8534075286618169
0.8667346689155573
0.607741564704593
0.854303504784399
0.4481010131271337
0.7583610717626309
0.6622120726582008
0.20870391207793326
0.6141748960727461
0.08143266304065655
0.7156463814029121
0.22644966837648595
0.07524657523740919
0.3851673236419946
0.7315169356781497
0.4154064145494001
0.7313442962389866
0.02692599060823786
0.8223985995233049
0.29954081343528227
0.3244167133961189
0.36841015846872793
0.9075157799545368
0.6586793971528698
0.3932203418846105
0.6996783675971994
0.3083527620426104
0.709022259946927
0.8159137033498916
0.015479183991077394
0.6062370726860199
0.6076985190000728
0.27952570506156527
0.4214188481769242
0.6598781884797993
0.21277319022420227
0.17987798564949486
0.5099632475491112
0.4598550251825776
0.31920143887086916
0.07685217820366763
0.19462841539230658
0.6545580782096485
0.007169514489349327
0.4213110356065489
