0.1507380048142717
0.46771452220005183
0.4398675089612608
0.4873797165736129
0.4636961330898244
0.49117877057314796
0.5974369921181252
0.03440381185065189
0.14987486223860857
0.42871644367673345
0.7948844877664262
0.845435989848027
0.9805616544307927
0.8724573534006256
0.6853952660191631
0.6401263754274977
0.7023753165661417
0.7378243953041513
0.010389215421169107
0.4719985225223603
0.5085549814015649
0.4516366991231072
0.469766691944823
0.7219214779717879
0.5148201996224951
0.6443807277002889
0.49120231786903323
0.15858667924691272
0.8841799221577856
0.04355949478130694
0.8125077730876322
0.05980978224674416
0.5118291806363634
0.6860993792167663
0.5018385363743477
0.08069482680517892
0.31349124191094846
0.00794898195398952
0.29697709997610544
0.6607486486883255
0.7511717490283254
0.7705678240971973
0.8061060794456101
0.8686856392068204
0.8312285829472663
0.419406268502606
0.3056207654473082
0.03625756282140524
0.26463611354038596
0.9677123591478561
0.2591642333425972
0.6383995790469021
0.8269228946172241
0.2587543165254491
0.1740589151292835
0.3673327671411618
0.6961582029032883
0.3502467936858754
0.7543130000477516
0.6982153337514397
0.4805449320530836
0.2689495288181496
0.37254152248900585
0.10211102294089092
0.4190728064886079
0.15379146129986676
0.49267706123645405
0.2181603538051312
0.5022047334099113
0.06205746188688599
0.8989546185637145
0.4799739645975939
0.43343378667398946
0.4137809969089312
0.37297004240851783
0.5199726687393992
0.583143501676093
0.462988130265911
0.12845754216825533
0.8924610297953134
0.2059510826250497
0.7809463519065796
0.12238111069428004
0.6003468695046589
0.6885800652196898
0.8129260183712924
0.10921323471652589
0.3114129726411947
0.7296137583504171
0.42123210583192583
0.4291890225542154
0.7606367027592036
0.9943322176086286
0.8252493368620331
0.3140989827136219
0.321142736380583
0.7671951996582123
0.3367290395855568
0.7446109899790779
0.16481360139670198
0.4380477651861422
0.04356009586241427
0.8915609660372156
0.6884652884129706
0.869108647515209
0.5136080969269972
0.6666598871205236
0.5640275584794546
0.4082149044442357
0.49476651886587897
0.14741835644977408
0.8762012814449102
0.5764576045826408
0.40621069342149807
0.04062252620645823
0.7376582811004595
0.9050353786937899
0.8375347793052204
0.8554870959121114
0.6587620115227399
0.0677437561847829
0.9215256996022841
0.22635824405291316
0.570822779181619
0.3870237291395209
0.4353910860380831
0.08290515861144732
0.7220232366791551
0.2591542659386262
0.7920359104142557
0.31762959841545235
0.1204104894314737
0.031403714091047696
0.34871361957588953
0.26122957221590093
0.019734228816789545
0.378936157869887
0.17402340390093762
0.4996292149549453
0.5982637856012908
0.9990000002413446
0.388505166757556
0.576056841490884
0.25681421219537137
0.37280165222513395
0.24242516054441166
0.3663317089873045
0.9701332715130323
0.9272212364140245
0.7814257407777621
0.49560615940194597
0.9253567965206773
0.21970689700134438
0.006278360644398906
0.7625044718450869
0.39378628948137995
0.6921352118609312
0.7967097061018679
0.03778434631252847
0.010956551814949034
0.47525611982466487
0.5564596341020308
0.5479341392130359
0.2322191247075014
0.8999407880534972
0.10881257117762233
0.7740895694156951
0.43005484399676375
0.37452102538698395
0.30416153361221665
0.4090916005788304
0.49562953056017245
0.7641131056763524
0.9544325361540459
0.2674892534281723
0.32048325179758586
0.11776692705586145
0.05706532007220344
0.6101275590605333
0.6665435549267127
0.5975279407959708
0.40415286046908583
0.9611885738512884
0.31292641888646766
0.8343418677610142
0.7657269261038405
0.411565925719495
0.7617648658249269
0.5090953552784437
0.14482505221126618
0.4954344642002827
0.9085100828279268
0.2998253232446456
0.6628862747433214
0.06705386103567013
0.3042763956089718
0.8079267413569182
0.7512123073022583
0.8656653089031818
0.8861695887243831
0.266343312825178
0.061175172827305
0.3728586367811102
0.5676154464824178
0.42734155299213517
0.11607940912008219
0.3225722304320404
0.31431844042149004
0.31172327744498884
0.17024138263357447
0.5762415297242809
0.5152828497720561
0.48353581545486946
0.9582675769356813
0.1293631865222048
0.964300336643176
0.5615613391957874
0.4171258280309864
0.3581785021163151
0.8265127552664056
0.5739814408995593
0.8816636656770224
0.25215934836689236
0.20265831079211472
0.7707301246060494
0.5163870330274792
0.34890985768546356
0.7013973003088171
0.7893166721881525
0.45616401157664255
0.5181010714492345
0.980232860637705
0.33103028546910584
0.7213077187444041
0.6587749678809336
0.22654135407260234
0.3040117385111031
0.13140354715168678
0.7373555669378965
0.535196578533125
0.057591198493936235
0.9621115813970201
0.6072129585458883
0.4215637189645768
0.3024017836492904
0.7617739756808797
0.20332018801656604
0.9883862960473012
0.3489083262156275
0.773020233296656
0.3694241244577743
0.6136728377529687
0.0737069658520706
0.02107031784694824
0.08549396311752566
0.8441059424968724
0.4953983437750512
0.06093373884626185
0.08183745442051815
0.1876907125227576
0.7837937505109694
0.134660519588788
0.6361740311069022
0.740375236949598
0.12777490529811508
0.5426405238263994
0.7307840271745097
0.2590449122124262
0.5379723231011191
0.25202436911613246
0.3532403727634862
0.6830538336228372
0.6535820177603756
0.9945746024257183
0.08720711043589657
0.3724915369608848
0.8337287692853461
0.8854636700498458
0.8958388252878738
0.2197508114931025
0.3200468070444974
0.7889993939583922
0.2665960621857897
0.053041964181752
0.6322962035417181
0.5486296019163329
0.8569579084460801
0.6030729349450538
0.1944820930327168
0.5010832929356608
0.6111753784265801
0.5865527282463661
0.3240140116485912
0.33986624659171616
0.36432424624153936
0.612405040698487
0.15808728582281983
0.22443108881109608
0.6690990729190653
0.2399496339017081
0.22112946581560455
0.199006461994355
0.12599483053797522
0.1916935894305366
0.546597470362551
0.9215119316587023
0.16083281327267995
0.4711231608598405
0.7970878600765574
0.33720853883452806
0.30870156189770415
0.7936170914131533
0.023605515076296046
0.9533879517818348
0.8569083606346606
0.11795325003861534
0.02290379132906839
0.6526421857529363
0.011980254273593505
0.07431046515540662
0.029098063928186257
0.9505946133028577
0.5356852801558237
0.20050334871048692
0.5582596656229496
0.8111503927381704
0.2968008706173284
0.555966691214813
0.3723252712366374
0.15522531092849712
0.059982350186956856
0.18131076613860164
0.03539607202999151
0.4950242441985109
0.45978416613278783
0.6127485696969834
0.12828592955326135
0.69468612891116
0.8622589986413987
0.3142811297298599
0.026152457994049194
0.24299726728950588
0.9684710028475346
0.8915508516493055
0.2611932454270378
0.4065670251935678
0.4309545113386577
0.9059247953020019
0.615746612035727
0.0005761823447728576
0.05960068495052806
0.48244727383118635
0.3315780898116262
0.27010065781221304
0.004630050934762209
0.6798383819133302
0.714380057995769
0.5116356489281166
0.9736121506071541
0.1309979977068928
0.1289545634362036
0.3049126253151443
0.4918085945784878
0.46797407467815755
0.6995249745696192
0.40981554368892426
0.9424266350368782
0.4038548012663882
0.9509237229123361
0.25059272111455455
0.4418615953234286
0.7095950686831535
0.6878363300062253
0.32963023060948227
0.8822462125851798
0.8690233504962314
0.3208368825835195
0.9695595652400397
0.39369391665784736
0.7464874515091015
0.9988558526374989
0.5703157678146504
0.42021915968568
0.36969176865608777
0.9846314425333301
0.38001052373327626
0.5940136053131778
0.690838491445685
0.9462660306488304
0.8648136009160489
0.3446103198016697
0.828288047849479
0.763188775373516
0.7084352386659568
0.1190120817180429
0.921726600237548
0.4544144988029326
0.7575792744976854
0.4854330208709251
0.9867794504228596
0.3401138462868606
0.26770490443215633
0.1919191866249259
0.8735609748764273
0.16637652897890798
0.6147101908857162
0.6258620997242835
0.5752095033529007
0.464929358347994
0.8873186803683452
0.3556011178081476
0.2308473491448887
0.24925890065542733
0.9463662332544915
0.3444008765599833
0.6152883299456754
0.397903029880191
0.1338633081320444
0.2850350235626118
0.21787329971695035
0.4842548599429637
0.20242367710050002
0.2165392559409196
0.5696628572619777
0.6269769865064441
0.5126670462848298
0.3958867913503502
0.5816736742393627
0.7741256194679793
0.39743011853225774
0.8086947828804611
0.46672196637958985
0.9990535746078607
0.3753595325529102
0.7266956482838841
0.0922694789424725
0.909700487249719
0.7210358418900271
0.14563787889389024
0.18741023971263915
0.9144355172627374
0.10810772655471246
0.9157357244940818
0.48238335040412306
0.29272970377409846
0.5423021684038427
0.610851400916141
0.29958714421674615
0.9593969136156104
0.7855488160543727
0.4984254840549992
0.5117238269708159
0.5184685713728249
0.45788495183469957
0.09461423854134599
0.9095615786755306
0.9111346278478162
0.7221980817275749
0.05184276343379057
0.9428597362670651
0.8663604035620687
0.3860264995530227
0.9542620527110357
0.010891250186057855
0.4182322138173544
0.7467225287712324
0.640784885914532
0.7669882815307719
0.1498340134554036
0.5705442070440754
0.05921517099254625
0.3443870786507419
0.7757059676603103
0.8894546075021375
0.43267919414204625
0.0437394044257825
0.5767704805062446
0.9297997753886127
0.5397779826340039
0.4134715984822773
0.025971773673294507
0.8319292371159679
0.317387886985102
0.35289618886500584
0.976124317335494
0.5675843539802927
0.17965871062632344
0.649574463270952
0.8313176622010277
0.9000245044159239
0.38731538248736863
0.33259723601164615
0.9412880324264915
0.3947651416992195
0.03356198689900658
0.09916798982884689
0.072543491743429
0.5500533243579391
0.8328311229793756
0.21231785401739722
0.9473000297030391
0.06256201191229338
0.5311470378585188
0.9805992831029064
0.732472616325711
0.29677456044510275
0.30236326377212674
0.14544987982329183
0.20813551236260475
0.89085748267469
0.6971485880225444
0.04528936062204847
0.8951096465663071
0.7340055694085906
0.6450592003676321
0.97380513255294
0.575525603844307
0.8801601318078794
0.5737384492357447
0.013107461609901283
0.30749158340896576
0.4085015356148449
0.4161081358291646
0.9469971679619509
0.8793866184991191
0.1463661732904772
0.8123909577649576
0.9876942923540731
0.42850982391075143
0.10175663369042909
0.9609434852897434
0.6363729778475875
0.14229606423892782
0.3983486247075554
0.5044559615940226
0.12944600073585655
0.8792181480992064
0.1179469649041982
0.21049981674840446
0.10024719966320084
0.31088251180524895
0.36286064953388486
0.7254006144887175
0.6127195429046495
0.5509099192288849
0.5229076369762355
0.5262445527941201
0.08386607073727537
0.25304871647059923
0.8640397968249214
0.1500878364187982
0.3965420925984181
0.5653919436415885
0.3279857547297169
0.8085644400531805
0.496837416490279
0.2757348298197725
0.5265114118127985
0.9923604410420545
0.847838164366736
0.08922134142493554
0.895241280184337
0.7990788476974444
0.3973895638757172
0.9683842918683397
0.9020782838802527
0.6115100138632943
0.4008528272666604
0.3470042816916121
0.5589974995095682
0.34010004469277066
0.04244743321744471
0.7409940011489411
0.6371662676762555
0.04051756872124879
0.1400508800851269
0.7617864142524234
0.8242396915248424
0.5173786563188387
0.1520201425958665
0.4533073159232439
0.8626083707972058
0.1780839756931234
0.1554347735303081
0.7681523326733343
0.06590098480597628
0.8374758269700614
0.29386914750244875
0.4330932833234974
0.31508437942568635
0.7859008218344544
0.38244140558281803
0.18966766554045922
0.4849889987880348
0.1986176015466422
0.2012811313709535
0.18770824246453732
0.7517184881921957
0.037472772078153804
0.4884822840970344
0.5464853480294822
0.811019639755852
0.18881079727465255
0.10223483982725556
0.01922193694994001
0.8149335804083804
0.6291490597198879
0.20413501207107354
0.5049854789738101
0.09742594348684996
0.4013320103070258
0.40183500341531464
0.16565589332552788
0.3560523201574456
0.3781465177540557
0.27909702180395624
0.17870351176676313
0.4301587727454138
0.49640981530762573
0.36297581698059955
0.41333714094559404
0.4541229713663094
0.4747606786401587
0.9915775925616754
0.4375610731730606
0.42763998692931837
0.7182080962817144
0.4148143224284867
0.8042347243367679
0.07149713246968703
0.19077135901487807
0.7344945821142227
0.9328027754028835
0.5931784848569606
0.9099726755631463
0.21331502781637057
0.8361744820987677
0.7788623612818608
0.6316555852921868
0.8375345891415401
0.7477646829268806
0.29315208373020174
0.5975864756519035
0.552901536220487
0.37308263323948787
0.24325927060012487
0.1162412348717905
0.8366132209821959
0.029942126420404502
0.14548987477657738
0.25754232621394435
0.908758619529361
0.9244351832361001
0.12632232715635472
0.4300194259082961
0.4019993837463679
0.6614890181324117
0.23792217465863807
0.26900939180132644
0.4622593098441836
0.857033383581432
0.5031741541552065
0.4793826345838521
0.6633007838987552
0.08605225121013282
0.7997906603977276
0.6194821209642358
0.11114621848397055
0.3804995012087099
0.4772658600541443
0.24012587723638146
0.8073873931909055
0.39972003899936415
0.12720888646319295
0.8437705523654592
0.14628527834521743
0.40757651957665064
0.4403777862585242
0.7169639495538308
0.45708662283320434
0.24142599164475853
0.021706360682765546
0.7911612316232461
0.20510526251698769
0.9092907333319212
0.8793270917634419
0.7378497869511602
0.08548958464293199
0.8715587418416968
0.4027731416306142
0.40562232741870985
0.19696107704182253
0.9880067715172522
0.8431871946047309
0.06653674064333415
0.915417405977548
0.9570170786323953
0.21267076390586026
0.22074353639441868
0.8328177490596447
0.5675559834328725
0.051120293224535596
0.7786202073060862
0.00087458730593859
0.8987241616282803
0.12733134025995374
0.19844210587839461
0.6971513682757117
0.7635670670805638
0.2525836618184818
0.3755314245040151
0.41894172126401363
0.7014861426739729
0.4311992680583435
0.40654707154476266
0.5324835096001617
0.09415464754781155
0.2928413846243788
0.6290989258891518
0.421532131164042
0.8892214905413284
0.03527273159055222
0.1979219127176548
0.6329673846105843
0.015207016735527934
0.04979821995099787
0.06318499759993235
0.7268293488024616
0.24407192165326896
0.15156143995551663
0.16184967160013164
0.6538609915661955
0.20777752781881087
0.7429484214439739
0.003522802823909932
0.22291465236629704
0.5912039940524533
0.5287146712246449
0.3168152404357266
0.34318205362336274
0.3274468876903772
0.23904297333419589
0.8681622997198872
0.9152644665987627
0.33804434023608665
0.9003217938337479
0.38016665833853547
0.24570352775235793
0.21071944037009438
0.6268225705152056
0.08590590228825512
0.051851912076386286
0.8320246373265374
0.33265610006635127
0.43091467261533456
0.40285625673015646
0.5252421407401409
0.8224106522750338
0.6166857688492968
0.45344099100516755
0.6469952708386448
0.13261150145748624
0.267283726703182
0.09553934548461673
0.8156994045197149
0.7013929550811128
0.07595727524179485
0.9794727284721534
0.796164310332846
0.9625958598920075
0.28382321199349536
0.7317765837704115
0.8438483567026335
0.23078969719797104
0.5618022777441557
0.5100330115563304
0.14755632776751737
0.7603425402518359
0.9067954329009243
0.914534482285877
0.892496251102684
0.029399869258921685
0.04188114555348066
0.5030170456315342
0.23624913199049535
0.2902396602033318
0.7721880027904536
0.8613089391595897
0.5807513300289037
0.9281047346004173
0.5812065749133727
0.3292519748276409
0.3252302847499048
0.44487540962784256
0.5787552633024068
0.560979633695753
0.16659089777955138
0.18037883855946102
0.8543726112837048
0.11554006393000882
0.562789442143565
0.884870613226735
0.04176663185856844
0.7524502834156771
0.8048921169372368
0.7240622663787368
0.22704512908437902
0.3549640328932606
0.07326490008379016
0.11197476583139432
0.5959991823879166
0.6711948017452963
0.7313362849072902
0.043030960731862966
0.7433002824034068
0.8188866435879748
0.13961016522385838
0.38970049615873403
0.8209627498901775
0.93140316222403
0.43562172285502476
0.1472478698253864
0.5658391456171162
0.7702460537247031
0.7471935625773483
0.6175665366911165
0.2359232962932084
0.3109873926042408
0.7469199222775839
0.9006397062573017
0.5194663150399674
0.10674283981452948
0.08021043864635724
0.5200660602222437
0.21453912446650136
0.1511812099258979
0.25771933032259065
0.11460223961799809
0.6736268735886408
0.4362434362034737
0.7687366794058688
0.47256154136451234
0.1557566209923913
0.03221608369107676
0.09022198811383642
0.16041627074536646
0.8715408704260759
0.19532572515301605
0.7489429273987293
0.9986654462431809
0.5101573799703181
0.013339302993150115
0.40211605637738046
0.4141775909248039
0.2151563187594645
0.07350358327911377
0.17209009993289914
0.33894638996278825
0.2007197736399461
0.07910020179899913
0.1107148960251294
0.5750652145652473
0.5518930078698269
0.10045161809568137
0.027305929106908988
0.32447844806265547
0.7959725554494681
0.5628588041053617
0.8097544696138402
0.13710254607132133
0.04775560732748607
0.012035833291005216
0.6138251057314225
0.41814943943360694
0.41790956254558587
0.7983053227184218
0.3899151795448391
0.41892505366065724
0.6236527828937132
0.36760228490286617
0.4264972699202728
0.16401687107211915
0.5864228931353737
0.7071901999957205
0.8971754467196293
0.29093263816641834
0.659962191769698
0.6190357356596196
0.38711406455576436
0.8540956401493331
0.19079307651440147
0.435373982798268
0.0777490009338263
0.3498908510536094
0.22566895650407182
0.6724939086249924
0.8902081224444681
0.7632114461996754
0.5539903440210595
0.21176683277812403
0.1270863988329588
0.6436564579482587
0.8725230186274047
0.45333202077896206
0.23640739277673806
0.3897994196437131
0.6703917392748685
0.78162683956805
0.8480615604366082
0.5690983948352973
0.18759373995365936
0.19785464236407968
0.9568517609365335
0.1472349376022839
0.43639671434442573
0.4749174425238991
0.018393778657487925
0.12869453387609742
0.5556492302555485
0.1900124964841129
0.7525902044105317
0.7412322584679852
0.8052994782403069
0.5674313417149157
0.8390577827412355
0.7790300757682731
0.9760052431659856
0.43343925356462987
0.8112418121465206
0.22697981254958244
0.5714764309794295
0.6021642828884123
0.8438906231394849
0.44257415489029694
0.5976653790016884
0.03180353525918489
0.4078993523627693
0.3637293433060319
0.7750456240001959
0.3791836552253095
0.5010812146143523
0.7149126577280686
0.15811774844612125
0.7158895480825554
0.5048186778616345
0.4416157892066328
0.6396775335493559
0.5889603245527837
0.6608683533216134
0.17576013994098838
0.8429698702240829
0.8901525057056147
0.6962629868470455
0.15962131775267996
0.1361745629417409
0.4406715269447521
0.8052138624228202
0.8419305257276166
0.7458670307764462
0.7914520129938187
0.28717510772373644
0.8916731312729298
0.9629776595201247
0.4017137316716498
0.8146290711261327
0.03262283960390644
0.5299926954129736
0.08591797681445579
0.9708971393226746
0.47956970314391234
0.7672117236620306
0.09714025188007602
0.25612563172767566
0.7556855035808661
0.9289807193634367
0.9003503317082944
0.29259238214738426
0.3691889865954685
0.1461566581547995
0.14070148977669883
0.9354319568266768
0.945681853136372
0.7365408368988413
0.09658285370546305
0.9827453595169706
0.47673294647486564
0.19879891488887214
0.8566806093074311
0.18699242044871411
0.0686279687240332
0.3803384894216125
0.6895416935619755
0.035582827321160804
0.09201531440612365
0.7926008986855853
0.4259575384470631
0.30022255839406586
0.5458588179221111
0.021630053698703966
0.1356779764848567
0.35960118563341115
0.012140733968000084
0.15760968114784812
0.7079835323866285
0.4739977649031982
0.9586026073338371
0.862071666701194
0.6009445339725914
0.382575649741555
0.6373835619959404
0.4308607214700163
0.03435299492203536
0.32794765063352616
0.9635430818002835
0.9706966716260399
0.1722860845345875
0.06122858901582384
0.8689588279253608
0.991934590738756
0.8707558732552504
0.4833866159310394
0.10618970346086465
0.3982888673933658
0.9787403190754632
0.6670224185932199
0.7442138950258705
0.9695185401030079
0.9900104252222683
0.8228921745240297
0.025332313268807916
0.4401251910727001
0.6270144752877875
0.7807038199538663
0.15058690211746817
0.9078810759984379
0.39052465439725625
0.841416421280059
0.3863824460971915
0.8399629575214017
0.797077128286191
0.6869748938423385
0.9264817759570756
0.22577802811508618
0.44205351324903097
0.98149266704924
0.7132150216398556
0.720011611911499
0.5275375070150219
0.9093120100257099
0.9028736769011838
0.6648899660794789
0.6236998010005218
0.7805855925133752
0.16234754417432973
0.6686050487144592
0.2980566888138507
0.43648689495117277
0.3084517144785023
0.7119788438537235
0.06628236359279716
0.9268335983956718
0.1724378373044565
0.8109765198747811
0.8345500778965461
0.4974698918102274
0.2801710398442936
0.4567479038486717
0.5556318478671629
0.7540051796242618
0.8289256078065074
0.9110466757257009
0.9744055625332521
0.4493743939660253
0.6464490048056899
0.19386041282121613
0.44888074448126125
0.45127287635513547
0.08575000052282067
0.547875321910424
0.8317865307504824
0.5945665604220168
0.8027799578398427
0.5394409460939743
0.12544933508579392
0.04509535469932402
0.3077725659553553
0.6347141722494083
0.28773209377450526
0.7067289209996948
0.708139249225339
0.32681993942793397
0.4576742270348464
0.08001855893206733
0.597681251782166
0.4662945413058771
0.7137167868544184
0.12057323493043026
0.7132798198279855
0.9441041882841138
0.3018273728097236
0.20472870524513986
0.7139366249063975
0.799494936411891
0.45352836154596476
0.029346051811388385
0.7814431003945652
0.9610763508651421
0.7643945130513119
0.4548274543863462
0.7274834331715444
0.5503210743135984
0.7205703192201725
0.6191587056518931
0.4967448579575433
0.137303722674892
0.6984489974232789
0.9226233070534232
0.013598636601191538
0.7155164439568916
0.4183542846414726
0.14600684465983016
0.7243086017460064
0.3415255149133152
0.21230484108452985
0.7411477982973195
0.23966148191857972
0.4266315241344112
0.7217720771073204
0.4521918285919231
0.5293328831576539
0.30540960181581833
0.9237719874947806
0.1898024588806292
0.6440137489946427
0.12569173238773546
0.4050827465350122
0.7763977963572957
0.9942233757390293
0.06571711112782075
0.42339221943823846
0.6024566645853621
0.6751541982467206
0.6795587807287248
0.007198450619663066
0.9057749160755109
0.17593659547482587
0.4680883209054041
0.3305506842911242
0.26370356584864574
0.6369725830178079
0.2892680508278478
0.7651340718616843
0.07727130067580601
0.23502527501499337
0.6036590186685413
0.6776580633492187
0.8768535544842536
0.997342544540019
0.9328670563377743
0.43901842129812463
0.6175812461584521
0.058357167485542205
0.8633278987146334
0.8201066739432497
0.07291133235444913
0.8842438477556857
0.909813435671543
0.746032957060822
0.7745216009269231
0.5016893666122245
0.3849510651866036
0.3202520491533821
0.3775677401574521
0.017335768478008773
0.5160468188911013
0.7649232132160774
0.7255457101651711
0.2794524106627889
0.8522829819834062
0.9170258566329702
0.8127151584559243
0.6930718620487781
0.05406183459180214
0.18986646660083017
0.2083144293125151
0.3094452775890324
0.6376154858033729
0.16685628171170563
0.8216287200616035
0.28086703211334196
0.9207275555642631
0.4983858684877719
0.16108307005397504
0.3685658988211279
0.8029247839945509
0.253458188681848
0.8451229478676244
0.39797741107713724
0.14446213944880293
0.44861833306397303
0.4063558903683998
0.08666200009828984
0.6580305002982048
0.9964845050504245
0.8722634089845955
0.8259553475199155
0.06220453483840327
0.8244556862655159
0.7998774001185308
0.25625123120048054
0.48338253084834937
0.23263610782860222
0.5313540657534785
0.4354982101519722
0.06696659656820858
0.5136231836388696
0.8108505808606863
0.5442635421385247
0.04655820969255753
0.3032660104248831
0.9138453306618993
0.8643777144496375
0.41482695216583965
0.6628700258642818
0.24636806917970933
0.05534260985395123
0.9583320138575284
0.7871209182887521
0.5776141233293177
0.2014461919769307
0.8150367661050592
0.7672343776873536
0.763894585274871
0.7349871868509074
0.7306541545695113
0.7598811332388649
0.690976947104576
0.4286178530962359
0.07900897062171852
0.8770277489961065
0.9331531993657111
0.38131139860033125
0.8981126047480971
0.9184006717740334
0.9161799703617928
0.2779883362215999
0.504075520358922
0.3289624541776094
0.2918067093230827
0.5825460137774255
0.14312871132320792
0.07763295136511605
0.38904627993854035
0.2092573565312198
0.3372058767500351
0.8294454103282514
0.1971477071192913
0.6032612430353977
0.8024480966176243
0.4893184400760585
0.5530022714510168
0.5535003287328353
0.35178791393094555
0.996168605576323
0.10479705750958379
0.7483806466798547
0.4810447072568629
0.9096116518292128
0.2646534549330668
0.39869543099943505
0.9208505798893496
0.41672397547411555
0.7138921348247824
0.27009368073091866
0.06630104351172006
0.4208860416118373
0.15112624824979903
0.5484172544320695
0.6000824855378646
0.5956445395444627
0.1953713889292279
0.037276250431696356
0.5346012436761505
0.7856029044798941
0.2716084403163569
0.22370342469298443
0.6694033112949311
0.1662241854611961
0.9299210234144848
0.07152694957154848
0.9237022817128147
0.8318952941934648
0.7938650238462615
0.0912323774917626
0.08470737473162593
0.6232516334831589
0.6566132353726639
0.16333604042337402
0.3492987356368038
0.028713879518601826
0.20949927978768967
0.31444740520127623
0.6454667711577176
0.43469685965599103
0.8923669048978622
0.4829143625833353
0.012019963596184624
0.418146259545935
0.19353708552096038
0.44604643458041193
0.21707652608940387
0.4137703878130473
0.44404932550936316
0.3842878013491785
0.052541732032889366
0.2021308413630173
0.39561011683144265
0.07186987620074414
0.7673593554543432
0.6373734154933077
0.9754988894172552
0.004915433505907174
0.08392686917960235
0.09715137694876419
0.23505750560013017
0.411321294281526
0.5053136415437011
0.7171304527047084
0.2142377440927875
0.9349509439856506
0.004406841049228838
0.19936204082421383
0.0056780960479893006
0.9845984225710813
0.006809735565875719
0.24333840023217035
0.7306297864686983
0.6863064978449949
0.913976771558606
0.6498833242535406
0.018327224482962756
0.32108558736228787
0.8071461113593599
0.48684512116932044
0.30566586683136066
0.8328339781053554
0.9021148172177295
0.6885593575505664
0.11588334802261535
0.26235641895002515
0.25249489066998654
0.9399234569237188
0.20780717422993789
0.0750748237993153
0.792836452604445
0.7348916686013599
0.22040189551517098
0.18653477490655024
0.8571190969163347
0.8421176642537503
0.4721690469814591
0.6296127374701237
0.42160377247576175
0.880893011472736
0.8066116854122937
0.6730927433405766
0.5171952217058634
0.9330157452111126
0.8387629651769071
0.432725654289447
0.10300484048147585
0.7867200280811979
0.2879284401228551
0.45742580236107055
0.36352518829584646
0.7623074184592447
0.7370538976531261
0.8180555640765135
0.9620397747918127
0.8232865857070334
0.31528773754581585
0.03811279858660965
0.8865627919332695
0.23669433912568183
0.6420014673496798
0.8799556497169945
0.15235244151897698
0.19008643094497224
0.07936678718245505
0.9248494074669591
0.34401098779884653
0.5177030352280931
0.4639408636646578
0.31478543700440775
0.14394050031498284
0.0414349635566178
0.32271335733765794
0.7622804600422952
0.24428756668790663
0.9815025178854929
0.0869051246656739
0.13645060974855083
0.830175782648972
0.6867177655057802
0.7594642417345047
0.6143955018845025
0.016905173159940223
0.3904776087519348
0.8029856144489145
0.18545450649583595
0.5887686690859033
0.8846577741250247
0.8342533180921045
0.874652215588361
0.6839144284866405
0.1878161928983575
0.5843819658633121
0.7563940981999158
0.17710365615441848
0.8925122471921616
0.7462183230682863
0.7805201194478921
0.03560898194383266
0.943535813265718
0.4938277125649778
0.9991276419918675
0.6696125754163108
0.7915433121607172
0.46886003495421213
0.5366792309879905
0.8301868555503619
0.37931220724961756
0.8618786576619647
0.2897525494333252
0.20837750097355845
0.1703043220969237
0.17894348824899198
0.13167667736895272
0.33190781118135115
0.8640526932438418
0.2857260075979381
0.038048541691802606
0.2051337041626321
0.45799569874731305
0.9577716915742328
0.4037298535155207
0.8638470051208466
0.4588162246517943
0.7733112809497261
0.011475200096473848
0.41041953045124124
0.6095979769765507
0.9410596874561854
0.6133125717438709
0.06210916783540321
0.10522157423308842
0.9151576943965612
0.048092589242072936
0.795651115429729
0.05707933512050212
0.7605310981223002
0.13447380902356243
0.74421209635074
0.2820295891472082
0.17643522322082872
0.16991910299622903
0.12204550307975559
0.3625434418362088
0.03561957466740007
0.13690641322205332
0.8903918277630517
0.7894660978278233
0.991218532980646
0.8858746392097666
0.19378934259407454
0.9455944951489057
0.8561069410549127
0.3276074979172775
0.9366489787678962
0.44408483573724733
0.07406175984810281
0.6722546059988124
0.24074725915332973
0.5080657977716522
0.7563332543782476
0.649200545164169
0.3014622876842591
0.05903321912852111
0.11404840456130028
0.7256587385842855
0.18665596677021645
0.12195197185016193
0.09064791095120606
0.0213600670722508
0.07830121349850738
0.9925202634040421
0.43965253438436747
0.5588343806849062
0.6282378986074865
0.40924198353291885
0.35309034766300784
0.14736405004356778
0.7058084585143212
0.7075913166379276
0.47098096334000006
0.0836991482546241
0.21561614393392114
0.3343440503380858
0.7907360962835737
0.8657449875553838
0.9025359556083836
0.11448328926169404
0.7805453742616021
0.5007728332154107
0.7779258233867481
0.6143574930712332
0.7992623595172383
0.04806009878448714
0.8475024272347235
0.6867347586366298
0.28026511173909563
0.7445681369290018
0.18733768222058444
0.15469875335594618
0.9269132195155857
0.7756834572054877
0.43093743111979943
0.8629397783600035
0.11467070130838009
0.060948372215883784
0.6842462311115597
0.13698778700158898
0.9806843615307028
0.7647098671583767
0.05598473887467137
0.7931762150707353
0.5279412141022362
0.45865859547086274
0.41257575540977043
0.28642960618127145
0.05428614763487982
0.11957206148182353
0.5767746014513716
0.5645936770407285
0.07406745064156584
0.8974113255024956
0.3141645618967991
0.18536589881268095
0.6728284590909076
0.36353122112956493
0.4102671685311118
0.0992589413955377
0.23679879359953748
0.09933876330443314
0.9723411664321802
0.7949543995718252
0.0844192344191721
0.4901001430357258
0.4911078489668419
0.41837736948887805
0.2310573654851381
0.48656097696886713
0.13150383941636967
0.8516073754093023
0.9152519278796318
0.08425556868404493
0.21107189855387987
0.9378526567314559
0.6648481839501424
0.5094187104387659
0.430316744824469
0.6313518827587018
0.9763822447329463
0.27244770401751717
0.06373263562369536
0.03249863007903464
0.5377857371861159
0.019791719353654758
0.9362975492435072
0.42879550799824917
0.9772889657185898
0.7624633917244483
0.31424407381238606
0.9264669283645572
0.9522848507238385
0.392210544956335
0.47340955214635005
0.5627673840957862
0.26244779974869725
0.6936635787024996
0.7327966416898603
0.02081781968437979
0.029807922754490845
0.5434052334544979
0.35232118083265984
0.5042861302402263
0.6578497971706905
0.7576256202300432
0.22830244493370044
0.6781168015133983
0.8732145383223152
0.517660672365184
0.6650741598828701
0.5335858299713409
0.08279708720275847
0.7438477718347705
0.49067526451354737
0.7710046552743364
0.23864498799698441
0.6309488322814066
0.40698718702635905
0.2196105416663111
0.026950991902165655
0.587299540061426
0.8550805060723979
0.6749979722665682
0.4622428355938224
0.06937284295197432
0.776315254806782
0.7375558242570323
0.7782691544025527
0.5805413948585986
0.5169968847242521
0.8275191295189515
0.02003995473707154
0.9054118073277783
0.42867710405314097
0.8528196888630705
0.026204579467232425
0.8892787261187945
0.23496243902247294
0.25531803241338513
0.20667420457112773
0.3104334913598076
0.7326566704923345
0.6402044738680961
0.05568869141275401
0.0429272301081397
0.02797609430608572
0.019503277776777073
0.21979963730598195
0.08434895371505935
0.4736750614971412
0.9463778633434937
0.4614550281814349
0.3963452031119009
0.9358228574676349
0.39375214253882385
0.6469808663687404
0.44871349470273536
0.7655072493933691
0.6671794612965439
0.3309238716270816
0.4118668924117349
0.6166498743479517
0.6331445567028859
0.8188503993739547
0.8953488688797983
0.44391717305116696
0.5756813849571236
0.16687033485972036
0.679808537528501
0.40105559591211415
0.7966687695373186
0.07153230430948843
0.7303379379304202
0.061125479319322884
0.7991242937934807
0.3052043525586863
0.8671901073250083
0.43508672978994745
0.38834186706096563
0.8714525101082539
0.4425032192681184
0.7964999791458163
0.1496631905383059
0.21059773614313504
0.9431694676010666
0.5291635161093502
0.3477480168418918
0.21434418198414473
0.12000623463349325
0.7112394614720362
0.16139254551482063
0.569946503647964
0.6957862299965055
0.5319976466891363
0.17368384388695912
0.8883138927517324
0.5610031171881461
0.09564075362166913
0.24959189062947507
0.08162779149738664
0.8063078857164868
0.06404166298003289
0.3249867790310952
0.5862629760376182
0.18543084418905276
0.027113997574660487
0.5201912982284757
0.40193114384220285
0.42730899343207474
0.14389710218928176
0.3211456589526309
0.7203447825562395
0.26311035217446965
0.9099118882791817
0.625348357416165
0.9669147179207516
0.19253446991046264
0.1428264622704033
0.6005303179426744
0.4138762574450221
0.42292699921000365
0.42792971845412053
0.9572247116373196
0.8757818245323957
0.5060962267544027
0.6686023867773018
0.4495931508071459
0.3140478930089511
0.21467023778256789
0.31663525227739375
0.40517456698876364
0.7560754149589224
0.15783299971639642
0.03169291377990879
0.4702177589700993
0.11933231099217911
0.20261582097070574
0.018163264209743124
0.7122107994575462
0.7193868150263547
0.6808552968181817
0.19793876393357202
0.79173243064782
0.44583036503668105
0.7202314324065712
0.6737443173733372
0.4852445397958407
0.678809043445566
0.4398543738635985
0.9660459700731142
0.03574621723223104
0.9513792034121717
0.8434136757889517
0.1320284348855748
0.6595138931619483
0.7068451920645782
0.012655600404893663
0.5822206879521084
0.05111912369556715
0.4189799361410951
0.9257279300640306
0.9759147180077359
0.021295993036256844
0.5583216555710567
0.2820812556047493
0.034589110852053406
0.2148226537111071
0.1861609286120779
0.25205587546614383
0.14562203329162438
0.9019858577714245
0.10070499348822781
0.028289003175476446
0.01818126683266852
0.30704204905135013
0.2732254154075261
0.4370426900152198
0.6737373343539176
0.2397771434813606
0.37446089738508637
0.0260544091925784
0.5024897724307232
0.30249437648113253
0.7079000963164214
0.433594548713245
0.25109779922203446
0.7709904795534315
0.45365109588312846
0.522996028616673
0.6164721391250779
0.2729308462523675
0.6706857284545943
0.423213541063181
0.6132481216400597
0.3432353081198032
0.04976978710034374
0.12630260048743092
0.298271712775089
0.9568703268911967
0.12114284875191861
0.7208017602105101
0.8439792167567599
0.24372574215605114
0.6324051228609657
0.019512417491749368
3.703702083157623e-05
0.6675324613342206
0.42196104383533406
0.7181989903566453
0.9563048901357547
0.6207629659996237
0.2426463074786992
0.6169718636903084
0.5045735760540282
0.5865296079375691
0.12409344740871386
0.1940914240503423
0.8786077523713857
0.8218905292301745
0.6726974192003862
0.347682193930805
0.20915981513267345
0.6715359855592102
0.16182345053649594
0.6470643099557453
0.05924102324133229
0.6643547191144809
0.13853088317990392
0.8071603395042858
0.46540399057642134
0.06272131777792445
0.5912378421100302
0.42494051920696096
0.7704716465016405
0.9534770353744871
0.6973206243677357
0.057216764368748674
0.19060274243855613
0.5125037980834245
0.33680816095682486
0.7408365486366766
0.2118630854853515
0.17953462305720302
0.2528272526820191
0.6794592833514937
0.8799438317205789
0.9934817823141524
0.19577102049748685
0.47614214407762523
0.13015294840909286
0.055002831289381215
0.6731750836157069
0.9759445722139115
0.5936330038448772
0.13439754429241413
0.8279261481871972
0.71443411619684
0.6375984731799846
0.5664834262061038
0.8532321479669402
0.43996906123610513
0.37997132171142467
0.7447897844653313
0.4372504681143583
0.6615881018012493
0.23166272368907304
0.4963321745538938
0.36480175364440803
0.9446798171003062
0.515473263423123
0.23626449384275217
0.8008625679303281
0.9636797466770742
0.0631286233239049
0.3765323520332782
0.26197370107945694
0.12075605359781616
0.24998534739148537
0.5605376557024536
0.6322963542140363
0.9137882444910964
0.6694212235001906
0.6332125547117878
0.9377285944780507
0.7805307357257053
0.02579201116434615
0.6548019096850034
0.08178469801139121
0.2219335691807116
0.22995113792784672
0.20072861420960286
0.9082075783975679
0.26096280053038456
0.34997346942708474
0.7609347401054607
0.8508965436660536
0.6593903787391142
0.997103964705684
0.1791935998517078
0.9028058107732313
0.829718716897818
0.43125330256376393
0.9940992810310766
0.33187754068104713
0.02920638598865144
0.15023467252760492
0.1070201143665429
0.26227183560011613
0.5425213820301868
0.9786948884786494
0.8850205677886388
0.43366293976591075
0.7192876151059235
0.665099433018814
0.32166750735841443
0.642023528259882
0.22649323887082595
0.8781862386141539
0.2920595267029781
0.7979339307510726
0.9382723402853227
0.1554046732707518
0.13824991474882542
0.9106047830785667
0.5000999725117439
0.6311406737233224
0.5529529027599996
0.647170923940406
0.4779929461987078
0.09385571930026038
0.026550689808809702
0.24604430815529155
0.8405504283583405
0.5213395755774282
0.37720408360036295
0.8873969392101931
0.013951626788789029
0.6925745007051952
0.502115330675341
0.24262068469650655
0.28263602378589725
0.24061323208175944
0.18426924086866558
0.9504719736013177
0.5023176507304365
0.41358371764433766
0.5139968849901103
0.8421866956206799
0.9215589081544842
0.6823367472058112
0.7060573334354246
0.9867712148244429
0.7690206812651609
0.2751486421776367
0.718585803728656
0.9956025699622055
0.3553522322825169
0.1490271425844415
0.9743113720885536
0.17771986366361914
0.6679659645281576
0.5254746218701073
0.8652683933604297
0.28698123607510684
0.17902893624438498
0.6291340742732796
0.5733886728975219
0.47829095390214593
0.3121809302680224
0.1624713840379184
0.1639424647840937
0.16367792148998528
0.6476795111355232
0.1826523370270039
0.438809655410771
0.852615941221386
0.5512908560216379
0.9856775353481356
0.6159849108020877
0.6461574386831925
0.5201617436582504
0.2732726152713282
0.5269082782313195
0.48393109332132633
0.5564648992753193
0.8624149260683023
0.30067472165650067
0.5509067722084929
0.06198448476594942
0.6010872154574239
0.4513702988660272
0.4255091606725515
0.62112402260024
0.019531639251464172
0.29004938305933736
0.1536308735654086
0.08174284116727537
0.07320004647607292
0.3388558479105477
0.9793716445794884
0.04582522340814754
0.42750688996893405
0.6724142177074922
0.4974234957311222
0.9478665932246343
0.4323370025320984
0.868823143980846
