0.8277740208758435
0.8998030121206149
0.5684169109384507
0.88572063407944
0.40647498029950535
0.7039626548656696
0.07087101900138348
0.32411145137897934
0.8586304655896865
0.993780940575504
0.8985413774667408
0.4075569854818001
0.7040360030734173
0.641159170234316
0.5677600182869766
0.14828964677471912
0.7399384874299001
0.3855600482302831
0.9761535973604666
0.03717774569681165
0.5543369894952811
0.6034796532656024
0.6979384646625263
0.9794121624369587
0.46786589849866633
0.41682324325553366
0.670402615009694
0.36770973141334107
0.6779737142254552
0.23928657152868693
0.7725494855258654
0.2695667662676151
0.8163672825126796
0.7060976364563665
0.9365678807834422
0.8615204570886316
0.3359599786067413
0.21090029070508254
0.9922181056380948
0.19338255938099558
0.6972361294741074
0.9543990881349234
0.4169851346528899
0.8631464434466896
0.8675193975281557
0.5296285123747672
0.07553302801711281
0.6987330184784795
0.019601746334160786
0.7466419926463925
0.020219983911259343
0.9242679469951695
0.515403606503367
0.7097455606086938
0.051716058167339596
0.004633327529815712
0.38032965767273497
0.2360543573488646
0.1620719186261379
0.0929240005403641
0.28903160782614645
0.4069596644351976
0.5698567373930088
0.6222102971981248
0.6265702778029039
0.01267975919279607
0.3639321956642465
0.3789968117155682
0.43748277891771026
0.25126128955483196
0.2922103522927103
0.029421044533899376
0.7163510788919346
0.6219826324108564
0.8374250426833953
0.9553025456264012
0.4546183616947337
0.4079254220014191
0.36311871724423506
0.6859030867953502
0.2201991446677416
0.21400673559567318
0.7586349792740986
0.717740637263424
0.691836084280738
0.7377533691652954
0.5194521666670231
0.9391774460212978
0.513224526207701
0.7238479455668299
0.8075756666666783
0.10991989867936536
0.4065063229242758
0.4347542780937824
0.657067662102633
0.8921592623771271
0.6391915280608619
0.5281978253320495
0.713855117025147
0.5233011423324091
0.5769401276668079
0.5857489375113198
0.16448842023396293
0.44538820076494734
0.7391457371074559
0.8188876653538009
0.27168362798835144
0.29773493414589025
0.7128229852806173
0.43152075103322174
0.682987116262096
0.1797393469528804
0.06777718516216236
0.4666135871507546
0.4665144372494534
0.6679488788605602
0.5997829490796531
0.6020750037942045
0.06920290877343871
0.5384118754512328
0.8098571537993007
0.8085250792180582
0.21129548664010933
0.663804115584543
0.5099915316674261
0.21256470717080922
0.44779678200153217
0.7423296769001032
0.8939042526792066
0.5825386460293746
0.4996514297203617
0.9278654296470822
0.6350201535504219
0.6599546964026124
0.041170454063408024
0.6391262847132518
0.08616425826152352
0.7949263256296978
0.018036503568378492
0.281441606631745
0.20159338417300332
0.19261787349255655
0.5474290126811268
0.8263993881525551
0.8806957713807829
0.7710171781522372
0.30947773608555773
0.16272819561938068
0.9246116287587318
0.7502387082471665
0.63484692399725
0.05464946362962497
0.7691433690933079
0.6938702095196787
0.20913851798112482
0.6301481875768775
0.6647634920764259
0.8543678206566244
0.652092183920269
0.5167924266792447
0.969266251550197
0.7990465786434549
0.7370213935677498
0.17693911287388242
0.5755140351781589
0.8574232041236778
0.46462910392821577
0.987966086080359
0.5950005453699169
0.8952790606382255
0.8112442590054688
0.49873212514224086
0.6516853173995076
0.9390988258502095
0.8197159309021466
0.5397871393358988
0.4120270310525921
0.5116210433353287
0.9146954635917689
0.32090879804805017
0.30284451454435624
0.9982804609825117
0.5737386563428072
0.2107496210843982
0.7482375519640806
0.4883430943202365
0.06648701327990847
0.6258356208083596
0.8982781454577008
0.8818202229975546
0.3721346029944258
0.6840049159075927
0.26436227206753904
0.26911950940696916
0.8818846562468082
0.489023918082794
0.24043342362636788
0.09854275757945186
0.9497154624824768
0.2780107368817484
0.0627310857749841
0.9533138051930168
0.538251062336583
0.9726406865382982
0.04183817033799753
0.5615306942219628
0.8329431385378765
0.27703751842458824
0.6674977823799249
0.8770536393690266
0.2583453469675937
0.6942507372247777
0.17478017671267232
0.40518927233913926
0.11966149002190551
0.8255765084825321
0.7680970698620563
0.15641484867735977
0.6817528514313426
0.9471046014809814
0.11505193696181959
0.32888422199685097
0.8789755800539464
0.8608092242159924
0.22779475397892057
0.702160069051192
0.386628281994847
0.4071009681840997
0.8936480511709686
0.9569699281734007
0.9036655603702964
0.217343543040864
0.8122912133334942
0.28669490990796365
0.29675201691955067
0.5932495703043212
0.11155024100451039
0.0855769000894735
0.7848072847022496
0.16042159473318096
0.5875360359551831
0.6769300880531576
0.5404495765481669
0.9976261462338736
0.6071074886685249
0.6995207051141112
0.12130555286063283
0.7895940564895249
0.2814228796059338
0.4952562855693371
0.17019243606113166
0.7463568940666548
0.8102817717068641
0.5712184664130471
0.9273288243549395
0.9804007921635706
0.5465374518334793
0.5949023967467577
0.4398014216179489
0.6352468852090948
0.9533238427147726
0.10511877626620969
0.374666752263874
0.5151283283647368
0.43083763363697036
0.060386906229312864
0.019506945408251597
0.05701590103320664
0.5492673386265577
0.017938128318345847
0.06475405717315008
0.25123979801767526
0.05105057669148716
0.5591553234087776
0.04552126149718083
0.5113102004130077
0.44873834754887554
0.6373655926283981
0.5514244096868657
0.22429425703318273
0.36897156193378233
0.8300520428549653
0.641246680230473
0.3017555174191857
0.5895857237777186
0.036681784464961065
0.05366696777099167
0.4158670879238151
0.9926472956654763
0.6235200697514146
0.9742845133510483
0.43344042804829963
0.1801778202060389
0.48967167361873376
0.4524454846750514
0.6271408221161309
0.7520436109865193
0.423047190521612
0.9768008307557975
0.3560312069474967
0.9776455315732802
0.21502023816706894
0.26578622243536354
0.9529412690931688
0.8600624535985131
0.9970904450854796
0.07513309086301001
0.8617482972848319
0.5543990668496445
0.28056645122788204
0.8459806339325762
0.5098322298555732
0.5035073137021405
0.6258603828094585
0.5556712192997273
0.9325155236007966
0.10942303861960001
0.9143073775192458
0.4235604535232995
0.35575282267411235
0.10154770946896552
0.4188043022972011
0.5515570176701133
0.33735324069943207
0.29631457142684425
0.7794491625450072
0.18926673154877527
0.9822729134041909
0.32403745169622655
0.8992332752886817
0.2994059483549447
0.464742667541825
0.6252784323469764
0.3182539151399518
0.5575747698584231
0.9271796816054374
0.10205585202446155
0.06624831326933911
0.5675465059542819
0.1377189249280666
0.795013166094995
0.09208453514915682
0.9712197506022411
0.1865234762920981
0.0742504565298302
0.8928367425524798
0.9980949131487257
0.5084626141277478
0.8653957897539872
0.8811271430227675
0.21699361574277698
0.5074032490300222
0.3266044687286732
0.4877098034214338
0.2287741841791714
0.7734568268357884
0.6481997946854747
0.517162979220164
0.2866646011010243
0.3617309619243172
0.42058082678727804
0.6781302992201025
0.6460061990733151
0.9491903484885479
0.10007357454045807
0.5211343028037412
0.9976588812512255
0.3484479340444132
0.9975006174702139
0.43249930596431274
0.511631729706089
0.32536419216822576
0.6723277705445918
0.2269497153619916
0.6811854080743858
0.3979474516046734
0.5602081895271199
0.30039652430148767
0.1973862497914013
0.05349210711742258
0.619994987317689
0.1673951147328122
0.4798349360336671
0.21643161324114957
0.8278076514567545
0.6606946378293127
0.16527245164123727
0.13860765773234862
0.41896463880027046
0.7787073247389967
0.48651711595669345
0.2960029826064571
0.35970935093553347
0.18999822323005433
0.47361686163976524
0.839847856271277
0.21884275618302684
0.9210243140545753
0.38713269440223075
0.1314973799651854
0.15455522973253244
0.8871898476207223
0.7814414353350565
0.979727869267339
0.6414839047760688
0.40459963639352015
0.6289347696801927
0.2991751284041041
0.89950379666897
0.04050544258365529
0.2044176129401326
0.6833165909175701
0.8818428245702474
0.11890234894788265
0.5510300508990593
0.26359844749903627
0.8405758756799615
0.9348069501013582
0.06155374255656243
0.34628574733594064
0.1431347757218322
0.5680155174327699
0.7614759618396082
0.8784374189565222
0.6443110411815811
0.8638579353354882
0.10817207108310223
0.2607379211569939
0.30399080335753115
0.8731301654291562
0.28299993188258377
0.6834899283879561
0.23415624687051217
0.6830879034558597
0.8911417093849228
0.2726134247347166
0.6751132171457092
0.22853397120622476
0.26830244923266044
0.6129240545364211
0.3424781610407537
0.8168307929303874
0.0005624174275603577
0.5528476384973108
0.7408668800532191
0.9571105692261073
0.17839684127337263
0.13641134396859533
0.4960207521243659
0.15002244116296337
0.5386989277222708
0.8230294963546972
0.912540385051621
0.15450428378888914
0.3347139725325414
0.352988044427082
0.09007005345749042
0.07196623671890479
0.036150846489425126
0.2783956634457676
0.6152101364391053
0.3245372565450443
0.45317805263647915
0.6777294642532695
0.4397403974559946
0.39510987628729577
0.8936750530016563
0.7497533728719479
0.45676478230881024
0.23822145499441605
0.18092918401693514
0.5644314491832539
0.5575502971131236
0.8514811386824443
0.7611064655104538
0.49271097515160733
0.6275793705233459
0.7773279659598739
0.38955251201945407
0.2411337785395442
0.5079024188888508
0.25741965600280714
0.9495456079414959
0.8281224856579039
0.004429026621310395
0.47333984213270963
0.5148346810359817
0.9469344388244993
0.03605211556018695
0.03864649257774999
0.243518972393459
0.33184098788190297
0.4900467540539468
0.570949759567955
0.6645123568734295
0.34270460402100733
0.7938561527204105
0.9748896834220914
0.02253492585706285
0.3067174676841461
0.269006602257193
0.3532464389566182
0.40688475054374995
0.4110242860417652
0.4135804481594657
0.9266276479018051
0.29091195263015
0.8986939051014382
0.7433551006560231
0.18064847013954521
0.7385339736884707
0.8146295754557334
0.8984395912298329
0.5401647935021091
0.859997909594036
0.23584448341213682
0.40956325858082077
0.39070128187413367
0.8850569182091326
0.8062507139654362
0.21250637432682817
0.3800828141820639
0.0641255330192202
0.9233393111472691
0.08437925004309366
0.4390009230873996
0.9038508721441098
0.2338239807081417
0.36723862005306085
0.6623127239717932
0.9766669231699917
0.9590407152497642
0.2885655310795854
0.8704825747134278
0.9882289779113888
0.11836485215971804
0.33319138590279984
0.9884736159765961
0.6365982003407976
0.32172710704734864
0.4767901561115695
0.6305996095173322
0.801571126095328
0.8824343421043078
0.3153628425104291
0.26206243675316243
0.0752266064017646
0.8274922723388772
0.34888080603964455
0.9208753541022525
0.8616357385959685
0.4829447225987985
0.03649306770970506
0.030882076651855828
0.04135097178436353
0.8739304038232486
0.17352914949867615
0.2904839234027662
0.7976268838177142
0.11327382295668542
0.21038306100861148
0.298945456181794
0.22799731493924358
0.8334661521014589
0.2027006886539604
0.6902739521836622
0.1396192709162124
0.5681103555235719
0.8506778110319769
0.2557938738008133
0.4406520286474592
0.9553796343622308
0.5420026128499909
0.7987874854699533
0.9156344508258173
0.48269523673862136
0.47592618675330856
0.22701356647970927
0.7711396800141193
0.629288408884375
0.3634936260750721
0.8875186903016453
0.5212276303969465
0.7933226891135682
0.0017036145018136661
0.8451740405582545
0.658715336869072
0.17037978944946097
0.09734733683038943
0.5523870419920467
0.8126158841345411
0.7182898183890788
0.9368709888326854
0.5883837376379487
0.8684699650945386
0.7858852318923959
0.8495747545075667
0.12177980394704502
0.04522420762233981
0.6774028871945564
0.41199006016274586
0.6454265087970207
0.31532543558280346
0.49956703680754055
0.9860717991033353
0.11548285096131194
0.39976712486527244
0.031171451525494387
0.28027767106342616
0.13381549359099898
0.8916373246045038
0.17194132587343036
0.791177496727108
0.1531720392251381
0.4776500038035355
0.9484430320607047
0.7600561389704917
0.1785272333061837
0.5094371083850283
0.516392885507939
0.34574391416067707
0.06666652905382542
0.161584861281591
0.567212485444966
0.3055775087618109
0.9617919841141129
0.6739816826294801
0.2492917272406402
0.6876636325481094
0.7049166939464171
0.19022563980249174
0.8167167543818148
0.8505701196626386
0.11185912877514304
0.042702587131449365
0.7019595476974169
0.31773388026188043
0.16999182418372216
0.8887024365179351
0.7486430964186236
0.8659484059931267
0.8019495589023672
0.22867957260446492
0.037876516741414124
0.39674076484677556
0.9778838030611533
0.777040715786493
0.5755847736606804
0.8845482637202418
0.28844128773326994
0.9527783497466404
0.5409159753710698
0.3976908179929848
0.6814647510037295
0.2665823768856269
0.24218508123843974
0.8598613479161704
0.2486704854363735
0.9843726309003786
0.7603657439880331
0.500772989798332
0.9656042177661773
0.256296004769912
0.7969381061796547
0.22978478000328706
0.6772573804911045
0.8940208031945939
0.7086137026639114
0.6956814410071172
0.6219510863092382
0.02903911338994769
0.796593086824572
0.43928088356745987
0.4229957895213454
0.38413488883678515
0.045191408156103674
0.6867653280139415
0.21606855094353272
0.596918163845676
0.4676139662320672
0.28003081891993264
0.2645054587777418
0.31100504692386244
0.28211879530622985
0.13465687012563832
0.9501627062966015
0.8873647104306607
0.9968122050027923
0.22415129975973958
0.8025049204576642
0.5430004760666929
0.048185733411437726
0.09510549206996421
0.7808379676891841
0.4011984052431672
0.04106478502309552
0.4512908225719465
0.46956498955916826
0.9483829511967178
0.4814458228996923
0.798912784897676
0.06436861890093559
0.23127145474379363
0.5291925487886994
0.9936509652432806
0.12876946622115448
0.20009313722949673
0.4737968594355497
0.34838617180735876
0.008728026351600637
0.14667944482455286
0.02799164847419533
0.08117753327311472
0.5836469830213585
0.8031603093601097
0.35257869416087506
0.5941969078965819
0.013658527578645385
0.4487636418213292
0.9480754028231683
0.08794797712271374
0.34445352340238944
0.27564056258836744
0.7274244012024873
0.48756136984866716
0.5760503804715457
0.6854219568911998
0.16985944386673624
0.628789589759613
0.043514964967661274
0.9053743002390313
0.4080473468389263
0.8417277308993247
0.36204732490689007
0.9237418126422531
0.882692748255461
0.6148366841462051
0.2556598086693186
0.6691536417112943
0.42178150851157303
0.9441307498455846
0.18839924086851612
0.3826831690650345
0.5080057201629692
0.037475089963295516
0.3098673079714932
0.5365438139632129
0.2506368094857472
0.46762674158906103
0.6879732538518261
0.5548311995814899
0.5181310923529505
0.16150734505164288
0.3787142481586291
0.7582265862226164
0.6165706521705774
0.44587386756862735
0.1537474472015864
0.9578189055110385
0.2505470627144508
0.6543806106867525
0.494074958974572
0.30470369912141804
0.79513725130957
0.3923146736640739
0.13307509293527087
0.2538535281580394
0.8611834604323042
0.9448415697225664
0.401008737182142
0.8147552378949176
0.7627972591164051
0.8294645144863294
0.8531972599711601
0.3212099405744776
0.932904329888365
0.4294221942260569
0.8196133653045768
0.5079685315011914
0.21705989899352596
0.9340116121224955
0.1508269746272819
0.9295776354699249
0.422348944602707
0.07541875993231029
0.5322308557420118
0.5106891243682565
0.07659212935436333
0.7202654536639291
0.4002068407685183
0.5094035598493791
0.5283990916488236
0.6251458749181005
0.821216977715401
0.8717615249156373
0.4517946707042969
0.9048718776167861
0.5206268148775606
0.43626270147199475
0.1919774237420624
0.7191377672024131
0.050128267335817656
0.5309918052184993
0.675769668074806
0.8919676924153094
0.1711572139514843
0.313218294216033
0.6664788229710673
0.06758588924266107
0.16247684479669078
0.002719465250515807
0.8477541219089214
0.6400093658568666
0.2402902257525532
0.8147892200290385
0.6365805388965893
0.3322838465889185
0.3677776829120407
0.5368177013599014
0.30822575923535844
0.4710307814391316
0.8202546695580821
0.8338114960381401
0.670774640660964
0.807983532036032
0.5225499993629126
0.5783078657252516
0.7501471095956461
0.9839430520097311
0.08571733479418187
0.7287168251682087
0.6397741825287835
0.8954980499493016
0.34211029077900756
0.5793025666922681
0.5246799934030758
0.9101988071784303
0.34665668447218945
0.516389150601788
0.12263838327527965
0.6086618777439111
0.046154555532630814
0.4083635991064659
0.9308167228443627
0.8657137600128447
0.8773933260432467
0.530569839634602
0.13676922785558154
0.1594615833183337
0.38313547188663843
0.30948041549745764
0.6325753085429282
0.4959828310543416
0.8277192570880376
0.17892368828120353
0.5791312579156831
0.5198188593714366
0.2847713852272882
0.5381739514666413
0.04521153851509274
0.6675320783800378
0.33398099331838715
0.8450518230389782
0.23593725569065682
0.6535564426048894
0.6120868538444733
0.27103393545968857
0.6645548586059994
0.24146281197048514
0.11785271396399499
0.3995475568325333
0.327576180159762
0.6513185388548245
0.1783750000211578
0.7952550916656429
0.3129240400981509
0.7289109764643142
0.7132392544554572
0.6932805184491243
0.7948237664394241
0.5620049409110389
0.7900189446850683
0.37580483349463123
0.8091447106657423
0.6981382243166471
0.22200239228224317
0.37600946719554695
0.20579607157114588
0.17783440904855352
0.19175793586105927
0.18787338251968866
0.8641988896453097
0.7781219638235487
0.7949435094060772
0.29440108394807696
0.3530600886112515
0.9070973873091086
0.9730862687615648
0.40082027441138135
0.800228086334422
0.03757071129888756
0.5643323518333443
0.8654638782200019
0.6561087322622009
0.26113573102032983
0.5679134344329902
0.2877463245273132
0.6564619153503314
0.34578489969575965
0.5462977578707403
0.29805718104087764
0.01416073017797137
0.17886664675325803
0.8439595382578997
0.31263404663029104
0.8181040418549457
0.22421744696081558
0.6344082071179539
0.9932570395232273
0.035060775063897376
0.46070445993713205
0.7851321153820302
0.5066367624422827
0.36184571498007967
0.6927969877762169
0.1854009433890742
0.25943206771494376
0.09125023011885414
0.21952683484857582
0.6320729102622384
0.05383170783955393
0.7239292908014421
0.9346911708518373
0.5658787341634869
0.7079079727073649
0.8899313653443607
0.10780559323303074
0.2981840112998386
0.05228248729383067
0.6290457502450231
0.4991622674444841
0.36837909366031174
0.2050583866800919
0.7250344205824183
0.2399948164928727
0.6126426218590847
0.4963046142482427
0.4319468170816695
0.9887786133237177
0.2803973973234377
0.8138262561833924
0.12238811561265484
0.6547859280433548
0.17717753758780486
0.9545517617427985
0.8684578980201141
0.012174430434940264
0.1839935267623114
0.6410921173628714
0.5746178289758813
0.6607342178927477
0.06607903546807714
0.6010680680363477
0.020389034557985353
0.49810077684760123
0.9639019690111401
0.29982070398357474
0.2448723952707077
0.03741639050812817
0.9591280845902193
0.8078774020614647
0.9202445734785775
0.9545893109152067
0.29455060265471056
0.7554246894018743
0.12211454149449108
0.6161263380542897
0.46797045811721283
0.2139130839400747
0.1623128414468039
0.24041168324577145
0.18824657238394604
0.9650689738995886
0.3771974962322907
0.7841705606347579
0.4065399237080465
0.6961193329171902
0.5688690983500165
0.5660642043117995
0.02589994273593743
0.43229360608998924
0.4689313649276029
0.4523157186462966
0.65976565669894
0.4018973991371305
0.7611467580501978
0.26299017611926645
0.513387208303296
0.12269508633009618
0.30619950892241243
0.12064621380604335
0.8083813529348489
0.1743052315685466
0.1602230476149249
0.8146776210741697
0.5691023743098511
0.07343222174224484
0.8420365187823322
0.8980857716279529
0.7504210647167325
0.6429901411370462
0.9263084985836255
0.5097433994707592
0.0398168345794665
0.10124028620388315
0.8876527532485834
0.3814787099211894
0.4427497624228868
0.8834255753826422
0.9366813433021676
0.3945456081417321
0.004568221822139784
0.6562279381342879
0.562074330239996
0.2491799717133747
0.682349693365474
0.7480625982657574
0.24042681599304871
0.00367801890772268
0.24366170637366802
0.057024531042364934
0.9645897312181477
0.46839326064909503
0.7876104632166837
0.7097341242285599
0.7862994563954282
0.4029355951016953
0.5838069791056706
0.9548605828652635
0.16506095971839962
0.09517446055274359
0.724181611658772
0.5863899838173446
0.951724030993386
0.6169337556729511
0.1536484773911122
0.43198278270602186
0.1956638400468249
0.839795289712391
0.2122282377236523
0.9183857790815776
0.6559835243957202
0.9391263927906564
0.8049367753362906
0.3265730833729549
0.563531182209641
0.5994390531047744
0.05499988158835334
0.9377230477437478
0.2716890686968195
0.725479116479419
0.769228043046773
0.21415537933487805
0.8808439937470489
0.6609414495912206
0.5862227972331608
0.13414682848267012
0.0741345414309108
0.8300123475702464
0.13442312018746472
0.3317693870900371
0.5622440950393556
0.5201709303486756
0.2350007704136058
0.2046489122106978
0.8052185221855186
0.3345840743168266
0.7414971263520282
0.8437608777422153
0.49542309492201086
0.7229690105648539
0.08585548905374352
0.625515243646208
0.6598754815355424
0.7571030252433347
0.25597270620922563
0.925528973903303
0.048698098771571274
0.4314685231113152
0.9283859651010377
0.4735680706089386
0.9228594284512693
0.4598353996888658
0.5145764253529342
0.5578373648891881
0.2617783294589755
0.1803957658819323
0.4487927603706148
0.46050015226932206
0.08902660588125966
0.39400942765269653
0.16962101684057607
0.5984196562716466
0.168926213876208
0.5818333921280956
0.5070114978736954
0.6304497829946653
0.1161379716392067
0.09026540656962456
0.9717653885513685
0.43453160952824643
0.4870207915046102
0.9792705221324486
0.636543538607336
0.22164516810735824
0.24163643015958047
0.13894495097628834
0.6244669992883992
0.6781527348944145
0.7543837971450544
0.2066628567007489
0.9057922787288119
0.5647360444946182
0.14655043136570178
0.5507578200423062
0.8514516667803186
0.5676734852482207
0.5126269448368599
0.9866946338759948
0.8725752366173201
0.34285273834852437
0.40110632886341147
0.06471791412435401
0.7356407345202685
0.3657635449344261
0.6634502472339947
0.7371617785798069
0.6612541750586652
0.2817580100387793
0.8664722299204505
0.7773753073202038
0.09787177274028946
0.7165426636307739
0.6209541703671048
0.8659112350648639
0.7311537416399371
0.5493960346678223
0.045057232749984855
0.7024986705682584
0.8364799508329662
0.6305649460047831
0.9863611397471043
0.7970587642883081
0.1002629166959067
0.08120884562015207
0.33406779225940275
0.12749239841261928
0.7735099366130326
0.22010140206928486
0.1322562667476046
0.867935996891639
0.6731291006573279
0.187821267023368
0.15686548224650743
0.1440009508671587
0.8764442099264398
0.09723346400542177
0.3696325034167337
0.42159181529457046
0.7557421385016597
0.36082475827351734
0.2124642054954612
0.5446343240715107
0.7751942759046743
0.0813347027740895
0.7320005795900606
0.48761729073442606
0.5154428262820638
0.5263711047051256
0.5602121761103469
0.019638518867943433
0.8452995138990167
0.03592067053758552
0.3185154548349882
0.3400846948614885
0.21795177151920264
0.7727584094248876
0.6200554534770139
0.8117295661938396
0.01202202524021978
0.59524781714517
0.7314968626124204
0.5472021903433124
0.7215243682368278
0.05688957159070995
0.9044856154784078
0.25805347282675006
0.2398603433292017
0.6075214137705194
0.08065573036748874
0.9920684485031203
0.520122912811602
0.6959883014044047
0.4970346623682591
0.15640125131938898
0.5112871853383721
0.0702110868721959
0.5310185407533311
0.11692025811293705
0.7176233013314928
0.01048733267453783
0.21583437503771308
0.8592751008984414
0.34219271792973516
0.8444602074503332
0.18922424329891685
0.8557936311891741
0.9452199175309526
0.252773563716594
0.4424057144722232
0.7776375600792137
0.29050213159074867
0.652066682146932
0.09290384513840866
0.6870787666796563
0.8303579342599533
0.3718557558910288
0.6239436436510929
0.2642119066888142
0.8420779776855825
0.623655322736
0.8109994299336869
0.27651827057640266
0.7082607197965639
0.6017989925524072
0.11716388906131336
0.9616550558047808
0.1895546289690505
0.3646873044004644
0.031288141122231994
0.9447881222617036
0.28061194061701766
0.7615727078884414
0.45138147603654344
0.10215891095024254
0.9667411844386018
0.01055249492645427
0.7944276466988338
0.8096600779588392
0.3020460199517083
0.4720505252866475
0.3007649110944747
0.27217164913985425
0.7263897284999372
0.8531149052138698
0.46925712107507944
0.25093760779201835
0.3771367371895463
0.39885898975831435
0.4376640740623381
0.0875628455663402
0.8888156600923516
0.527521966945843
0.9169593646930618
0.2412115516965283
0.5157601465632622
0.42395993341877936
0.19370898974041262
0.7982866386661877
0.35223125476972283
0.24738886788452707
0.6397318832898103
0.07364277581736733
0.09886139368952673
0.2166110438850053
0.5623836033294466
0.2312980787924861
0.6515827542352504
0.09788694376792051
0.5098519098426839
0.13501448182758535
0.9537251586448574
0.028343190683507657
0.27689365746529504
0.8072088773140392
0.6604727199559661
0.19349652148446894
0.8407359473566245
0.28621168506777683
0.28943669994973065
0.44453792654157676
0.2136693661816741
0.32658774675041846
0.025253223551668258
0.7562632565485264
0.32048623150676614
0.6110632412330378
0.1292367542367452
0.47366527604409137
0.8773020078178898
0.5549621234015193
0.8395618816661253
0.12512695025555842
0.7027461667234579
0.4668063319406437
0.4245189299457287
0.2194857515315739
0.5916099627924247
0.49536143838657287
0.24327743033384863
0.4635428557926433
0.7711320926276902
0.3862839082808619
0.4894572461591784
0.14669139737178927
0.39022194476342864
0.471366753257758
0.7491351236972271
0.6040235272684961
0.759492068241151
0.3325764470430259
0.5158140503755981
0.3097908786555299
0.7147701973248547
0.4740801811370876
0.29156413737348563
0.3500134648157951
0.7962535735331485
0.7987543391440046
0.984944916957369
0.7016126302536546
0.9097658947267911
0.9004996000159198
0.19165656943643106
0.6008616156325575
0.7049653959397488
0.19964707567519957
0.3227814716152805
0.42500388845287074
0.23517644473525545
0.5160449741330524
0.6356560520433086
0.7379207007123059
0.501280891306572
0.2643958040533888
0.638857824004751
0.3765972785746945
0.18023644616730095
0.3621902413504303
0.762820536297166
0.6695077097758385
0.825067962685285
0.37517065520727433
0.8630819012501573
0.2395750905563394
0.011733198210512774
0.0741523225081665
0.8343562897885415
0.820626764184342
0.8593801126157155
0.4299564391948968
0.17861604435205325
0.8584404860651307
0.35647088797188675
0.270738838431008
0.873360771519138
0.23861100224561593
0.38205772710203345
0.08394428874131876
0.7322196069032731
0.7803610118733298
0.23680406694240552
0.6972829886765166
0.14148866892664336
0.24530489838745406
0.3926454662966239
0.722290684279624
0.41693118211885427
0.5663645300309782
0.053635908087035555
0.7885296338155875
0.4874953503289863
0.6899451251481498
0.9477406200219666
0.7538429625324634
0.6799378821025713
0.01595110605020078
0.18881661303549024
0.15984842823345813
0.14444175808866466
0.012140538873118834
0.08518501037481763
0.867958199189811
0.47142748241098387
0.12878138264635264
0.39484496668585556
0.7321025423630673
0.7676888449835201
0.580830597736574
0.6270039322789439
0.03223924857411831
0.6040063656217529
0.6815093924447188
0.1942768969268216
0.5994138310987709
0.6700777457788571
0.9487353605517725
0.7740641726872901
0.8246812228569791
0.746949977267683
0.304054943930712
0.24926155039590103
0.8797032155068578
0.11039793841025436
0.4120334508729193
0.25944245885915884
0.1661258584930051
0.29708805477719835
0.9054392019559265
0.6022838539786728
0.7250586100358705
0.1908603590135347
0.9746253517332539
0.17342454874727198
0.9918382080018867
0.8948340794945191
0.8371868798846472
0.3628806628192971
0.3128064965669386
0.6948894203553074
0.019949420934559647
0.7108845080495697
0.5430856270499639
0.8255842069045178
0.18459923632359798
0.6549898383632375
0.02459528237609354
0.17899378534909915
0.03320791219699748
0.31353663787456076
0.5583289477963401
0.5668625026703572
0.2868298715729831
0.024389625304667373
0.23792719024197728
0.3836121906651593
0.6178340216081006
0.3437186938379062
0.8010831264296358
0.3755473506149033
0.5704243961412606
0.24413185071672328
0.08391706632564633
0.7094198889923103
0.7477841389656662
0.29995962333743953
0.1109676818679659
0.4052676139720106
0.391247838420718
0.8298988145975879
0.9598555593334207
0.28390534317985294
0.9921734209764266
0.479276955345743
0.3484046463912476
0.36289723163368615
0.16344340675327051
0.03568316580435027
0.5340232514608162
0.15977280392998472
0.02289557530857833
0.10880377109778516
0.28653691303442586
0.05100424551945559
0.08495697429000493
0.034598783835773195
0.26716880670282517
0.7290663985558193
0.3676692394502665
0.42868667112499403
0.44798521808693814
0.5272754883606758
0.050869341855189876
0.6402055973139067
0.8125628604231335
0.30084250019319214
0.849811377930211
0.04893875500576894
0.653436289509362
0.6135405417885407
0.5770156373214701
0.08559619033224253
0.9360298184124194
0.3001557466266267
0.5377172118312095
0.1369682456898711
0.5241021231863529
0.09460629199476545
0.002638492481096155
0.2531080595555517
0.02214947385088184
0.04432245225525955
0.31363050246097557
0.44443836320136354
0.809368497276667
0.3544500928891037
0.9577203765056994
0.8229316778108579
0.5004478768685557
0.672475260784604
0.8697417223182581
0.4202303981332095
0.5305927999326345
0.13113699783357058
0.22334768319206377
0.654243844900074
0.697356836666409
0.7410658502329152
0.6690857875385
0.4523427771796551
0.15912080730285916
0.7184287918836417
0.5847166092206251
0.6898764650879362
0.44670364308234034
0.4548373700477214
0.6558328052106568
0.5594982622640938
0.2081419145422232
0.9614805377724229
0.9751213104470896
0.4271442682207456
0.9661664344081221
0.9439022327674866
0.3417846733814909
0.48745421090001784
0.9068547967101488
0.7524938864425307
0.4870682462168934
0.6769141047903373
0.7594227575117405
0.21384473852452934
0.9541827290106407
0.39120509285024196
0.2777247859250027
0.474815813380972
0.6534420028270441
0.6443334875516303
0.9806547226535116
0.3652983705495836
0.0901467543218244
0.44516631312007804
0.42915766353691565
0.8446877578253598
0.8111471546216101
0.4190668400943641
0.13075942183146716
0.4822697919508333
0.4823451880313604
0.48964726385030843
0.9393101575548928
0.5826357044606508
0.7353136693648886
0.7401339339756434
0.15859664168221288
0.2638846832789806
0.2330315205335618
0.7784314376379501
0.28734903652820565
0.9118989485848839
0.9934712901001805
0.4031734460488924
0.9586744225380883
0.735148977779897
0.8042927001275244
0.41762807838113625
0.997583114886732
0.038936978868684635
0.5553391753257934
0.4424216421248459
0.523761297359007
0.3977393463797766
0.01377481306851891
0.6417310014357637
0.6153749781711948
0.5711439989825047
0.5170111719864429
0.19574906484114862
0.17839834891410478
0.7147069998825658
0.024598223113868944
0.4906989423147795
0.5498089383628909
0.7909833564509303
0.2581182432688198
0.6767471072459351
0.4494503897586055
0.9794848652699855
0.38245454506503296
0.13102763892411773
0.13885029579421515
0.4664171307687386
0.8477039256657248
0.5786997764089884
0.6287014133685516
0.8380544869385738
0.007694516346016145
0.25733168384002225
0.9794472238968943
0.5992747246096513
0.6046668300054088
0.2781196370682485
0.04529192016838213
0.717000845994576
0.30254740915031586
0.530998963728278
0.7458810075838492
0.6319567495324278
0.6447560686365875
0.12003607909118752
0.3502915032016495
0.2513119647463412
0.17290977448374778
0.6860992779460788
0.5127457244620177
0.32920746260548917
0.8614963004959858
0.23983735308938703
0.6730247414757522
0.7274765814424643
0.20503768963650226
0.7905634066129615
0.8372238143841196
0.8889355904967247
0.7306737027470891
0.959723257029416
0.18749441236871156
0.2236210200413168
0.1820990221889004
0.16484285490416017
0.08551423807841596
0.8825908009142029
0.4245392614680771
0.24539743409999537
0.21860356695685845
0.39832065398878025
0.1523085498929212
0.2843291001566026
0.15768419839414904
0.3621389822020974
0.9817851689669673
0.8358578146720201
0.13038275260737286
0.8008976993723045
0.005442148339980801
0.669397194651574
0.9421062628719838
0.5132489116282385
0.0993437189798172
0.7749876568984687
0.5804778909807552
0.9755312693800132
0.8840550463456212
0.6858830430744374
0.9407595494467504
0.15724512200870233
0.7161487130269716
0.07552392236234695
0.34991413746783884
0.023951883410633257
0.9100727295156295
0.08912482332877092
0.9965818082938174
0.6339118173005149
0.3795791147209837
0.05243372792519729
0.4482701221273535
0.7889413604194174
0.7632925748213422
0.6970608871348006
0.8908783124719571
0.6731173854904438
0.1508586760334366
0.0893747497869769
0.3176498779838717
0.5602765645783582
0.6935501634297123
0.03313372040087048
0.9027411639198439
0.3275818732397494
0.7770347913299579
0.014194058340928128
0.10977540707403255
0.9629286607460023
0.3457726396059353
0.6600459876285141
0.8695867006713555
0.5549530242216844
0.5850610366354553
0.1770128354322148
0.4634502589042292
0.9530241512522599
0.32899089273160553
0.22419334073688313
0.39432171513795133
0.23438239489201795
0.7523761427391402
0.9993577139761929
0.465621890632151
0.4001058336149388
0.4669219924671846
0.25180920771628046
0.13245664848768735
0.2816723328440285
0.7216613629320067
0.6853009732139124
0.24690713897495564
0.5499972478339171
0.3592049381872051
0.6691074727819144
0.4337938518105613
0.05644478806772302
0.186714475718047
0.18369081059775993
0.5927076022371836
0.7618640298214656
0.7974089943591143
0.6674569859115345
0.3044679021933243
0.06822996286408611
0.304537697422649
0.895538302070471
0.1947754606665082
0.861478882665184
0.3462462832923038
0.33160011758588226
0.4043167400738805
0.873444778826926
0.41126330818473533
0.8326645991916253
0.5972639630321609
0.9920070159346449
0.46385547546502226
0.5755504737696299
0.8244843273006188
0.5038007824443173
0.020495905726296115
0.5320793685789401
0.8660434816453247
0.09296931674720332
0.27622103202241577
0.6151248894451046
0.7358863619567756
0.339355814832926
0.6999843870028375
0.7244482623382423
0.33181561962013706
0.527143741386818
0.2822557938316337
0.7081610739691236
0.3469100093980628
0.03677625418436681
0.014042676602795234
0.29356141484427256
0.7544322536261941
0.920588910254653
0.7744001875319769
0.05360362684531361
0.7338462018027518
0.055613630396070035
0.9896661290253568
0.3155637102961045
0.20060240697783738
0.30227146028569574
0.9020274144403168
0.2180954421948177
0.34063378178114867
0.39145356459624525
0.2389280712348505
0.5902616430169916
0.9330647856595499
0.44539291600499487
0.8059988483108969
0.05480022549114494
0.8068372504463595
0.44570856827638716
0.0906382536670709
0.3607945656464109
0.8358253801160784
0.18958098876607787
0.13686545256078597
0.9355489239021236
0.1620322185983597
0.7733893701530086
0.3448139954854591
0.7123532506415842
0.4509171103652172
0.7972699508845281
0.5810615027422342
0.17206339169541884
0.7003428863340083
0.4540185810052486
0.3048629729729184
0.0317446366810098
0.20571376993613089
0.9011292938191183
0.09504707278674884
0.39391525863548627
0.49265319039101807
0.5787358364846474
0.6397783262125758
0.10269371928360282
0.5377938153010889
0.49380333834987844
0.3160071061562615
0.9121496783548556
0.859244337055823
0.7588114402546101
0.8692640296646593
0.0711366003481334
0.44223884875465813
0.8072404854742904
0.29242463056373535
0.19264100908835635
0.23377303297616425
0.7325540253132296
0.1986638789207622
0.22822197468123984
0.07003672263171767
0.7097682899131071
0.18586930078756292
0.3329070543462739
0.8910739036416795
0.764116980290683
0.5844332773144926
0.11030822314052169
0.5146244072605111
0.34362747870018706
0.3725209513476955
0.11793280376164916
0.3251666480275385
0.08664125152931823
0.488912191086585
0.6255845240498236
0.7500531380512233
0.6221559955479903
0.07201506252389844
0.38001097899945013
0.9465912146960233
0.1802735020436369
0.651810173277854
0.6653228752840104
0.3330185270067203
0.6356149186458665
0.8623527016232576
0.375408967014661
0.7113154346861741
0.3856750910292024
0.8983501947539304
0.22838425001180152
0.24053721466275446
0.5661871586520317
0.29297052118594613
0.5312154013264928
0.22736631317394174
0.9188062612454049
0.5387374509793709
0.24300908878249927
0.42915416696614883
0.5312855163949874
0.8906334321759668
0.5163764856514735
0.5868798570274102
0.49587938287409505
0.609955015547373
0.29289178937068605
0.33635027238640924
0.8027221159859019
0.9438559415427252
0.7870395498605314
0.8252401160258691
0.009545421899460838
0.430362758619107
0.3640891240055544
0.2252946026485756
0.7994361285221911
0.6536210031717502
0.4494292406029259
0.3365008121621532
0.38681301822013836
0.008121640177878753
0.8889562224682607
0.020795477278275243
0.12850665186141175
0.7977065112721116
0.38393003346434185
0.18773452918522704
0.5251946887022804
0.031009208064762928
0.5105927577457321
0.8461928377579773
0.024118239105364037
0.237447999353672
0.06161960867457761
0.8401392024344544
0.710085873219243
0.8740341575027993
0.48839433688099443
0.7481920982922405
0.902545580350062
0.43015816578713495
0.37634020125064627
0.7614820346535008
0.9892708611424248
0.876232510632317
0.27773253501329975
0.5129835416154344
0.35742159867249035
0.821880993493678
0.9216762609872857
0.6241075986823739
0.7775634052399247
0.5963386946954613
0.25931798766993575
0.3543112643443448
0.8693812060794516
0.19184402882351015
0.4981894063544863
0.06838709065554882
0.751633520113047
0.12451641396339563
0.9779655277802033
0.497416299597669
0.8007206930277363
0.35289325277409433
0.2211192520594092
0.13853518363523165
0.5038588908352253
0.017652696933446288
0.40888457450602944
0.1241440703405785
0.9616640220111323
0.24481276551342201
0.5265399899767892
0.020949205937887294
0.21962750425323174
0.761264286639258
0.972030421221572
0.4860849342335626
0.16326592831924358
0.06981818289461916
0.23401261206255985
0.3358684967724417
0.11506984110516949
0.02042834828283513
0.7606041358643029
0.5117947307716803
0.369608402877421
0.19128726678726427
0.802042081669373
0.8811929050407545
0.7952418990651826
0.6541774736466364
0.6543862742166614
0.7669764762419371
0.47258149818289474
0.7184207469266339
0.6597102902580021
0.6918812297061974
0.31266463190183447
0.42225057052878856
0.35805300761749914
0.13892662507982123
0.4376687029171714
0.28850563102976656
0.9201018368721681
0.43746544695360756
0.66052518187614
0.4965073871751047
0.029240610682343293
0.5284499134286523
0.9050716824896882
0.09951533336815199
0.5059107093360565
0.22016849515529158
0.2039225172716046
0.6136318941204217
0.9283519880989286
0.4814501055045314
0.5690156709422839
0.059966802554769716
0.9439876532030661
0.7692269274693809
0.468709486200071
0.798539218889669
0.6207476589865203
0.9878145658613809
0.22276194575461195
0.5546978541091362
0.8263216246704767
