0.28011578497597545
0.6678207668435348
0.2844661662327205
0.7596613387855006
0.7960689254919862
0.144171779747578
0.10924330246475145
0.9511085379263884
0.9486853913828642
0.6771157233010113
0.5054219576568456
0.0855072435839418
0.10317535667457267
0.875316481688667
0.1882997267973593
0.7581452121617908
0.13690727608002173
0.5075530428564922
0.45978925980323737
0.0685059327261589
0.003915339260564976
0.6183867313794577
0.3249626270036886
0.3575708151007795

0.3027457809385472
0.4716038230262025
0.39441313335820327
0.7120957334372079
0.9536925469471268
0.9875484827700282
0.8037856557435784
0.8836700760051447
0.3825345652505002
0.2615379483934501
0.9668414905154362
0.31836306640125944
0.8163718199650247
0.11376164809621458
0.10661817440953247
0.6937958430279979
0.8120886290191479
0.8747289840729753
0.9527969810930813
0.3784379667548603
0.7575539416298458
0.6762483680612027
0.8339385934714022
0.9792961165058013
0.90055812454271
0.3352218879310406
0.8446530798236239
0.49594374240548467
0.3062851635554321
0.9641945122472657
0.1590752851674977
0.16861896799411413
0.23091115753692248
0.8673032301494329
0.4060100103902574
0.6986754447798967
0.45137524343782176
0.20981320037294504
0.9510355765408001
0.6872639198308623
0.6393779267324047
0.22032243784676198
0.25408830318861875
0.9466093188224823
0.7405419310371589
0.39435423281659165
0.5532237027790594
0.2987775381291736
0.4324496671104382
0.6432055130301243
0.6589432228575328
0.2942868800747356
0.04578896103793095
0.9236060720024918
0.08664016296192356
0.8999202995801299
0.05053894901864964
0.12968033215056818
0.623841418411613
0.041245284312191544
0.6840583009348232
0.17374720073618988
0.09096976537271795
0.21232495572061505
0.9997745353931078
0.1341449823062626
0.49767917507453496
0.28862036157273097
0.11197142432093032
0.8342119221857099
0.7238697668653304
0.3896439838708531
0.7004988134380554
0.9853607667773798
0.9217965131195555
0.9804954951261116
0.32891516172890933
0.21655827602332745
0.1313771886791305
0.8490285368236221
0.5137969753486527
0.4919111927223807
0.7617561278398767
0.02883363096488545
0.4915435759712812
0.4676187293605635
0.41608204197280274
0.9004469305785189
0.555641850456175
0.8988526356064395
0.40689958835135587
0.95181768049091
0.9744176131536924
0.722172056660445
0.5517877693374199
0.9724919283436183
0.2995296767149622
0.601057193451557
0.6220501197231904
0.12939438355474397
0.7874039491314972
0.8906682596724308
0.0009011944848219544
0.43694499561327904
0.7359312995431855
0.14936770427686863
0.12679252593823553
0.8903763771777866
0.3486810144658865
0.3633149752642668
0.7010278008634181
0.6276482243198785
0.1470569208030459
0.4000529875458424
0.47666542894250485
0.8944957568317959
0.4821327371758082
0.7171885383070177
0.12004415981891459
0.3730040502943859
0.674926969191791
0.04226531946557799
0.19699453962747104
0.33378458225067165
0.7663949494083205
0.5212765653973349
0.19657279252130122
0.8719798743030333
0.8441256892390704
0.370505432437335
0.5212526277111119
0.8216806207722792
0.9605673077141496
0.36793205392740913
0.014101640092598955
0.4383553675368713
0.3389854839629445
0.2846764321664713
0.34007587524624094
0.01741978438652836
0.6142087657531266
0.022528137848815688
0.6548064671761895
0.8958236440251107
0.3474301938310933
0.9612037680584133
0.507283877371236
0.9783256335063907
0.07800347613829728
0.674334060262522
0.5729402388843037
0.09405499601473921
0.7404491861358876
0.2698495419794871
0.3939916370082003
0.78807916314485
0.29716053232035555
0.9381894029561401
0.3418102802432441
0.1438403110199047
0.8430670929309315
0.8072528208968887
0.7023599927790232
0.425936808283329
0.08161920948402146
0.11201138449217207
0.8125185016380934
0.07156328256375155
0.6898955794852687
0.029155401166609196
0.26862411443230205
0.5119715600970196
0.7983559978406433
0.30207196194901875
0.35562382213980326
0.7394010869260623
0.009295540352825427
0.270470705184381
0.420014113967922
0.16150165580351394
0.6983565032686891
0.8944725647008389
0.06586911163611608
0.3069248735331611
0.12208424997032952
0.2316063590642533
0.06502742620585622
0.1873576753286772
0.528220083126018
0.3774772329353355
0.46684779573797053
0.2848081595828439
0.9808797980753806
0.5712457354526927
0.028053644598333594
0.2888236603346569
0.11171129394772361
0.5151616597247751
0.2129585182279713
0.3716163921357476
0.531722696405028
0.20217084020585185
0.45774190523461533
0.13344869422215022
0.7216737960374345
0.2919473424579899
0.9632768246088143
0.23053025489886414
0.9953729961015032
0.8296281509311618
0.01789105335240415
0.06019702673003513
0.8884414964610095
0.5145957899019966
0.30183577341825496
0.9967063729431122
0.2767116558798046
0.5301206309256978
0.9532106628047562
0.6520003026343693
0.8567762184826865
0.0427065074891656
0.07199175461140017
0.6700284958610636
0.7725108304831263
0.1664928081727941
0.2732009936008172
0.1513267124369697
0.5777517680109171
0.42040331213323623
0.8598920239320531
0.06234949456340466
0.08400554137122873
0.45907865486129973
0.9387596869142336
0.7852714077887588
0.24173265172207037
0.13682085615308814
0.248134467129318530.4084679646306647
0.9956462872852677
0.8615399085165665
0.5509712892527876
0.7560365139310049
0.4837108194898815
0.4527579253236612
0.1837305900706262
0.8097058135176239
0.3088920833612424
0.8434959132218699
0.3637196417468246
0.3158655189866879
0.881433784564306
0.8594316935312771
0.2956053493737655
0.7498060894813668
0.42948070644486236
0.550702193653043
0.2123687615362918
0.26109178099613484
0.34904593483553037
0.2842619960371876
0.45833119240344056
0.50414884592442
0.6468848265831927
0.09052994528959268
0.5204796762913809
0.4130346236930471
0.7652171941507918
0.8634214842131618
0.793744099725486
0.47380432558887253
0.7760301809037621
0.774779696353968
0.5537678562281808
0.14314440648577198
0.5441908717259587
0.05192990558891153
0.29222435394532364
0.9251682528811341
0.21378637928875444
0.5824545446080679
0.7121561889260084
0.2845358385440109
0.8789511257551527
0.7568715000890611
0.48665896483643056
0.57575894672846
0.9786128616356176
0.01610266845941566
0.00879634754055758
0.3986570693709981
0.906262775051242
0.4449510275909182
0.3353446379193127
0.42069785671153126
0.6786966862691408
0.5633602930782788
0.07171429657102657
0.09787524049081042
0.5468782401544943
0.9249217786632992
0.4054655936416256
0.5758995722632443
0.4150776902393589
0.6008938469207844
0.10353920948285911
0.7071388979297213
0.007580428106201076
0.1475694006706011
0.3699092923176177
0.7668644081999634
0.4818205282515182
0.23129048618918724
0.10713609795634138
0.9865031111343726
0.13572492563316285
0.2735508104902632
0.4121565796718475
0.06853661068002836
0.14287404982780239
0.10397944830188754
0.5619866480336634
0.44264107024158883
0.13703176915938742
0.8285318984551062
0.03375552472962784
0.6845505218725262
0.32098155360479697
0.05404819462600474
0.6218306847013682
0.3501692576217843
0.7688060674590332
0.49544240686509866
0.10494395393656508
0.5112904364612507
0.7293949568545438
0.8152542394395786
0.7063518491797465
0.32619172999973667
0.09941387568991311
0.4784934846058736
0.13853013273023895
0.7886953830652741
0.4473259394939296
0.7741424622759683
0.11545981730720356
0.7352198719352889
0.7747381332828562
0.8955974100814829
0.19171838740091607
0.10328867151073118
0.9024529764360563
0.34652975711025735
0.4777237894009504
0.059976291349596256
0.6294577057976408
0.3833006331211968
0.36480177607550945
0.32271225369362333
0.15798766516052598
0.14008021084076638
0.31312232576564913
0.49373100032608874
0.5612842878960397
0.8805433185300758
0.11462868943254123
0.9393900012034813
0.5139907741161109
0.42456872332515583
0.05345156146109098
0.803967374325592
0.19648619359843
0.5496678140184927
0.5726695035565451
0.7828971997836739
0.053724007943221186
0.007576846671244142
0.8210794374236863
0.2571996395788655
0.5160811061245288
0.417545789531351
0.8593226939913808
0.3203341857694695
0.39872856981181937
0.09142038961523358
0.5616570940945218
0.04262889566448236
0.917999523295846
0.9210065889490506
0.6504911945202301
0.009430877239912538
0.26337077030294076
0.8807214823541445
0.32570556362317726
0.9000139796256379
0.13615146414841817
0.9463032380422882
0.14344123452231916
0.8534353995870758
0.4614360487439543
0.37506803515587506
0.2796050053577275
0.4686931662357855
0.781837868229085
0.6673300655393862
0.0835566891528512
0.5700826355346522
0.4538352667463197

0.6440916066779613
0.044543006450534106
0.54148703552703
0.5075351175202245
0.29957448364069683
0.23557504790469674
0.18377743922678214
0.8619652514536008
0.6717549858298915
0.3954951434367734
0.7184410142864553
0.16662636379836704
0.7245434320177908
0.026401235029052228
0.6176118941896398
0.4067215968464767
0.9735122789456231
0.20428859607382388
0.5534376321344728
0.04572378619461981
0.09936959453019323
0.29970019908513434
0.02091013668081787
0.8594206052346162
0.6303993438784762
0.04998101526568388
0.7057126773200495
0.9635032638963145
0.5498383908470859
0.02639868796995648
0.5963572698543532
0.9456094078076243
3
0.13942677657145164
0.7496098552674538
0.1510579320088804
0.8031352248072586
0.896396122841804
0.7131687425505552
0.2905405141772489
0.874090101572686
0.8887329803147297
0.2654551552882467
0.07499466289359924
0.06312844907682402
0.7450302950508103
0.9015959129452478
0.2706096774547959
0.4728890957960352
0.555520410495309
0.5650329911282024

0.35005249665620664
0.18356687904331825
0.7730048965748607
0.7617395432996233
0.5496214177926273
0.7435303950962486
0.1529344346264856
0.15098208297915727
0.6278669499362572
0.23063201305402126
0.10570688786097038
0.9029056909893817
0.05892511079789453
0.5744017610989256
0.6972729576689212
0.9830203529653007
0.42269627818331756
0.4297188754955322
0.5022557062114288

0.798120860720832
0.3949907591845807
0.027956178711910917
0.11666000129503518
0.6906528551721667
0.7027831713176982
0.4978140101749836
0.512917072262901
0.6569076682191156
0.02927587548815147
0.6258616170081717
0.37903592007987474
0.9925466264375378
0.22589937772673085
0.5234144987373447
0.4633481124885638
0.5855375158512248
0.15895502170364362
0.7687288350185875
0.4723968495264448
0.1677427214059516
0.23750564475088287
0.9318010201922204
0.37615979836122304
0.1551307727815281
0.6404347845889332
0.08182079968383904
0.7131090713756018
0.26993801253660965
0.6359902908301672
0.5160234885085561
0.2448511493824974
0.8315303060355513
0.9849532587893358
0.9637049302766599
0.9510293888924894
0.0462956581106756
0.2856179734165968
0.5808073114509745
0.6106630139916277
0.7570329953784442
0.6897648918731364
0.8500010652089582
0.9710842926129472
0.2872419918707344
0.08650909775681737
0.8442448902497608
0.4156798779348816
0.14635282787940995
0.23950132400257862
0.493629132135025
0.18693086061977082
0.9031356830120206
0.9241407950437344
0.9386459213408785
0.960096977102787
0.09310461356078714
0.29644725726179677
0.4359519742608363
0.005069837633040919
0.4668363437280807
0.2399364963667443
0.8101363163361848
0.03097638735611774
0.03380786015793735
0.15132202560130115
0.8701268505103505
0.3415930921024516
0.8569186584855455
0.704598999161047
0.9773620588027491
0.42399683017558965
0.9007399787375368
0.6813676128669165
0.9319949730782194
0.7811035281543331
0.5013382166296412
0.37886511308790105
0.8538054489694471
0.7287934177700411
0.11335687562716512
0.759425255143581
0.6421765046445306
0.23512929043536246
0.22190902856568917
0.1380344581265932
0.25240159154766684
0.7507162281763076
0.043936858602856343
0.1940493058385876
0.7731507407474479
0.40188862918534896
0.2637322558766071
0.2472429233351534
0.46098858660496755
0.4981605224364748
0.12667964948048127
0.5561832740804666
0.9838411445052946
0.664542356423352
0.6819490940358862
0.5370435803458532
0.14890578290606415
0.3865019064560794
0.974615345304179
0.15439858290334607
0.02936449849517231
0.032273102980769686
0.24726437013975666
0.8447009620749538
0.9922733581002898
0.6689210738297137
0.43696498241603854
0.7323819883073304
0.937418997401683
0.896531147404129
0.2885301715698141
0.25677464645835235
0.67965990208027
0.6812198058637087
0.9499141488290881
0.8393098360486083
0.9372783460762147
0.7109666852799801
0.07252783766237292
0.8333249463193378
0.656218642061125
0.2714821853394631
0.47413933418274856
0.11043694479708566
0.37629580861692025
0.183424083290475
0.4196137697661141
0.295283853901266
0.4897722986227976
0.7571016236526074
0.7044081851510938
0.34486183004546034
0.108270922228064
0.8190218559958626
0.8550863938246369
0.8864566764160989
0.8662255705962194
0.10554894166178352
0.8333894277609731
0.3033668380928868
0.26091594372504123
0.7983813241947111
0.29281301947451355
0.5937490328714405
0.4266099287832571
0.06553779857157793
0.15663897050811848
0.869316887880708
0.3220639794817668
0.6169221136293931
0.5832703951925445
0.1702788239911608
0.614992020885472
0.23865702216737383
0.19130320002010093
0.6904505328680112
0.5353358675730516
0.8715081372092722
0.09392526157818049
0.1423642849404697
0.49764485559955474
0.06176000729246289
0.4739483204043994
0.38599762441793606
0.939734695564955
0.0037899780985015674
0.6438074680230763
0.6377606542493028
0.3317946423783307
0.24701343126459296
0.046233492014863264
0.23220795708468212
0.4508438524251197
0.1739541073754255
0.2598165745673424
0.4346168715347972
0.1549333038930485
0.5851484170824245
0.44026680352334735
0.6066752533865531
0.3419753693213976
0.0384738733679062
0.6208252642082236
0.8730571382009458
0.9079900202964781
0.15176057398459208
0.054392868251859516
0.8823909281729726
0.03066483064008141
0.11974940480545193
0.7887731626816505
0.4445142905715449
0.6965749063297577
0.16153140939137134
0.16339598931509292
0.9633781551085281
0.2448422063325082
0.23745839916652378
0.2819823645469326
0.6587941374061593
0.5744565425308505
0.17890425497222895
0.37583646762693657
0.7450763784166141
0.7915488425346463
0.3503927243850046
0.2876212242528988
0.42235315063463597
0.9373129465680173
0.020757706043411317
0.5557487006841043
0.7352659072392914
0.9839873767034659
0.03279419544242734
0.017704996705988463
0.6881154014917352
0.21985134374830884
0.8021004348792985
0.49925480895103136
0.8379186203307097
0.37060235030212796
0.12584004795071757
0.19551659931396648
0.23419689946181965
0.9734712417649288
0.8777003277657864
0.7016190598129507
0.7392556835882522
0.3674212817651886
0.3983928254249661
0.2625484193336346
0.9967045160169775
0.3790640752134212
0.9034422779352194
0.3834820898189244
0.5530268534869126
0.4612186945626642
0.08612968100469354
0.828989269193328
0.5830904011825329
0.12505872920008332
0.43571450772018816
0.7469391161872504
0.2558749101848764
0.14054859901787642
0.05292104465120928
0.3422536376988593
0.35403973225129015
0.6762545050749413
0.22874210374617354
0.47709702736374293
0.4631548659083077
0.027571006826381694
0.2818825654839241
0.09395882680881074
0.013340474756246223
0.8583149653062307
0.6373387015243862
0.32742976152423775
0.6028003414171826
0.06326438529271139
0.30715286444511625
0.43855991814771733
0.4384512756266489
0.6223950152493047
0.09670150654868936
0.9786220998710018
0.7246873742679465
0.1465245737655455
0.6042474605419113
0.8037081896312027
0.6949231451199329
0.3858047252466372
0.7251838207537269
0.9090939041610923
0.7210239763542392
0.9460453136689586
0.7125248726200508
0.282806927854777
0.4994225972014029
0.053696619655603794
0.6267579349353516
0.28354640785855934
0.9390242599863884
0.8735076549712625
0.7476519904637539
0.5143576342525652
0.2535191396270613
0.5298975779794884
0.7373943232578649
0.8913178709942801
0.807259780487104
0.3018962926364598
0.48277705817686967
0.9037746187796292
0.12287493715813858
0.2192684857976419
0.5220377081443064
0.6648564737797206
0.5107210379011683
0.6709399369640277
0.36710857824348964
0.9280049165020824
0.16200671125484234
0.16081592718448323
0.27967238428759345
0.9782521492705216
0.7068292604733514
0.18415315674743493
0.6545969215625739
0.15655212925626538
0.600408658923667
0.2675734989639821
0.8290186208604271
0.9447257571666415
0.028324572093944567
0.5060065859457954
0.30152036101923385
0.08137743457204527
0.5200372982455717
0.5639628777875139
0.2824753269818908
0.9451818493756063
0.4913412880072222
0.5411064396554769
0.4025627942103843
0.19715859013180026
0.2748499109083826
0.48684119644559376
0.7801974273587483
0.5578730951854051
0.8856367669268536
0.9516180692618539
0.20952294012785988
0.21755294588673912
0.018869643100425826
0.014482963944566718
0.8081316990209023
0.3552464208214551
0.9583989172992214
0.4157269184341009
0.41663855584448617
0.6198508003152243
0.16129377795529576
0.0055717125243035515
0.29839026677618596
0.9711639408652027
0.7981792641121215
0.7912883826459637
0.6482183567532478
0.6222814779820223
0.8358536491826857
0.9938915595366153
0.01441638327805339
0.5243202712570579
0.5745231875746348
0.4217999356766031
0.3319217064943062
0.14908518947093097
0.4109009708458272
0.34661493934084764
0.6714509085889202
0.40020971038763964
0.7324156968306749
0.09838761926696027
0.10399242288774979
0.30162844008073186
0.07162939322998141
0.8638580695657698
0.031442580251257346
0.6819540191505559
0.14113983190380663
0.3779810584690312
0.020125638051319727
0.9455239026882417
0.028888702548957146
0.09257857105937661
0.40160040503416816
0.23679299936969989
0.47842875636965654
0.9408413448984593
0.14624817123625256
0.20535699158461984
0.8262224689939495
0.9053015373256014
0.01172079165648976
0.3969198712279144
0.21361841872367504
0.48281977349490046
0.20849217511014895
0.7146896127971701
0.1776951347222594
0.807765394186294
0.3367155377271047
0.2418787251823512
0.6830280280707532
0.9002758608444812
0.35819998662486086
0.6329989840210137
0.37020402766881344
0.33627404424011154
0.36882302213176177
0.7057782195737596
0.38727292776724065
0.920240671090819
0.7388115162180501
0.7643976659910078
0.641613120422365
0.24118620582655126
0.673326411907184
0.9228153277644663
0.8141790128851109
0.19214191973326789
0.7507347119006201
0.7775969292625985
0.2343460018515625
0.9762869797497659
0.7801111506323499
0.762099822869949
0.07249983898726897
0.561671354398734
0.14913087472907538
0.33165553986033613
0.2814267003149461
0.5817547978044455
0.07055357268636775
0.4979807971840019
0.13208498595343376
0.38960679392702846
0.19693348791149068
0.053125724227901516
0.7094033696451627
0.9902572965749917
0.5323590132363709
0.9624370896817491
0.5913887895499578
0.22265583236116349
0.16504910977975018
0.5737908532343233
0.9111387526695687
0.2821086346632352
0.018308233521406314
0.9044501588252968
0.44272339513628267
0.5119243991531346
0.05154860328711153
0.04573888949447513
0.5939122138888373
0.8632313592008346
0.042011509866715646
0.1010642140173218
0.836309873424378
0.9766666514054831
0.06927629780197797
0.2434920149928802
0.852056881375296
0.6775890151283777
0.7215957323108821
0.8733202207201047
0.8440190002283814
0.059039647838750375
0.851331394887364
0.6917812832987671
0.9693877536760549
0.7997299544734439
0.055625777993682624
0.5112364401349595
0.4081459296107448
0.2759399908855359
0.9316166889088214
0.48292309711247683
0.4660327146986176
0.046636898450826414
0.4675594053704787
0.9183410505228271
0.5189011343773269
0.513178337434149
0.5584465382506159
0.3511879640804261
0.6865842744509841
0.19830998752925488
0.07756948889441506
0.02775758306891507
0.1870223924223442
0.3312910583339217
0.9366316986036064
0.5463604351517164
0.058569425004611486
0.34838093139582604
0.20887807429723004
0.3429233732826652
0.7001812748582983
0.8977745801237595
0.9757409660173183
0.990435695076195
0.8592305459081333
0.8767630073479418
0.018440693899899663
0.25591921967810527
0.4176234461662981
0.8118974331228606
0.30142495567029715
0.06308008337603999
0.23820397957222073
0.8167135469824713
0.3180331591471073
0.034114658807146925
0.9618015407312068
0.06778008168757133
0.8513324872132395
0.7123086622867215
0.4547535663660829
0.04551045077602078
0.23467618114286048
0.011777934978137505
0.13450010569501425
0.0002743139231312641
0.6066819415000152
0.9435897075976442
0.6969287211642735
0.3475260613950717
0.19089483136674035
0.24752155032920942
0.8737993402179949
0.9550482411426626
0.8005568020672216
0.7581829033841683
0.24639804535164256
0.5169065699344769
0.5060221200087457
0.2282188251084496
0.8743337946342002
0.153804160290254
0.25704115813492
0.05823809505974742
0.9005113702000759
0.4575791172618927
0.32014291562652475
0.7229016959161216
0.19979818438327945
0.5590501017133904
0.3508879743064385
0.6850797570771563
0.09495680138519025
0.9332496218237273
0.9531846454478269
0.23272983287356674
0.7376006804061921
0.8197900605788567
0.2802652380955245
0.7930154682552862
0.9334499680103545
0.22644037065770017
0.23882615887601577
0.4500033357393929
0.5978594422099152
0.6640075804151123
0.06332808059889117
0.7197692042998286
0.5159213723161105
0.36125120928362453
0.5230732390938156
0.09197959095305264
0.876956912795634
0.9308453115092932
0.8958529090022448
0.6508223727783295
0.4008592134670893
0.4855689911145986
0.39201008514648894
0.09917165669849104
0.722797642169897
0.726782581249005
0.5718476518414102
0.9287050776182626
0.8129471298407177
0.45496829956973284
0.46632261646180795
0.1236834200889464
0.5929761828717562
0.04884857048144198
0.47120546228784355
0.28973741414989507
0.30990837877517885
0.2597780129959404
0.09309846064215599
0.423133685490946
0.004714523143673266
0.2569842909475085
0.5587682172553134
0.13162145569466566
0.4259869647593568
0.4265085371996774
0.2871737406187911
0.3958513637220332
0.7192815016923894
0.3911038983913431
0.22131131117955727
0.8651531234829557
0.6917205825889358
0.29552998430609434
0.7500397075022085
0.6518107255308522
0.0653852010568442
0.35731782955842717
0.4852844857108466
0.547041391961216
0.7902906478853108
0.6466630017178844
0.7389196771536023
0.6667158727656363
0.23684072839016335
0.21439139232389826
0.6687067915731323
0.46213842825596585
0.6823682572125651
0.6330227809256995
0.680876827211008
0.8296262303630108
0.18005735540554424
0.33505264654487243
0.47679782662545456
0.9716956649421304
0.4497619683266245
0.7746722615165652
0.4291116679588024
0.8616807149260769
0.09016838189901677
0.4168326330023733
0.7816950551853835
0.9050984626810074
0.3821170890283432
0.6734809443659779
0.7354943831963027
0.9349580276076822
0.612525844205685
0.5520590419665318
0.7426785240344853
0.5623512941118161
0.461981845207155
0.5995825926280124
0.17395695500928332
0.3616176435925118
0.9168958315265515
0.9459312639859185
0.3416920837840227
0.9584691452801366
0.15228807896950236
0.897586017486092
0.3781278331084711
0.0705486780731891
0.6919475622537002

0.17220395866862193
0.8507571231097484
0.054326962416242686
0.30582206956953306
0.2384560011819361
0.9446731356088601
0.5588519663352988
0.2270587062635242
0.04994074470750809
0.7935814618249541
0.8616314410301941
0.9480614261964916
0.5379015341838462
0.8266197993071079
0.05006981469899707
0.535441438789642
0.6904682902901449
0.841346698007404
0.8038484467028006
0.7262707406455904
0.3659027462653931
0.6081602341747953
0.29267744425180553
0.2428370118462364
0.4404020533810843
0.8860539796479046
0.1932880707280028
0.3325732297422591
0.3181533598820395
0.461713019799052
0.015470282429361992
0.12120607553998686
0.3345127377295287
0.5060714376234658
0.44108428695778057
0.2272799965403811
0.06072968275233526
0.3784370464630761
0.7483149674937262
0.3343953607883776
0.2848251655174361
0.894816217068823
0.05298292004030636
0.5850762827122388
0.44392583312512723
0.6311916051347327
0.73594160963074
0.29121834106173294
0.7308983651421932
0.7380849971585853
0.39326332159543576
0.7685620759688312
0.4640109418616929
0.9134544841072207
0.35836876050112487
0.4417753139686239
0.9072802131838458
0.6378977628592271
0.7541826433878407
0.21101453402959702
0.2479640872984883
0.09134177209178174
0.3831638589882941
0.11117185581405753
0.10273732302060368
0.395452084826334
0.9560666427308164
0.8321627550134979
0.8394414215370452
0.9450216753589702
0.4140714556132079
0.9276983955564118
0.8112868267009007
0.31478739558060176
0.37858477214000175
0.06586418121386861
0.7028761367153736
0.011672012403650345
0.39514398229754943
0.963534247541547
0.6374165849403911
0.354033485756839
0.00878804842665959
0.26472910903434366
0.1765775115693522
0.9611725342468735
0.7910742209621593
0.07490006149196038
0.11367929565190238
0.0359921881595513
0.32349201652580006
0.6617344162077764
0.917630854025473
0.7160979789857572
0.7726576355028741
0.0577555325948792
0.9940950965698719
0.1241659255554407
0.09303294602804713
0.28879807626135434
0.14755677852326698
0.9558364009863753
0.25023564817943955
0.7984927230228849
0.6539984540147814
0.3105938470751919
0.5747954660781943
0.8191681521367656
0.3294508906166336
0.5760240058374929
0.7997536732990167
0.380450967808615
0.7298739742765584
0.1056802570715305
0.02214156400718814
0.061532823645102264
0.38310106350851525
0.6128660154983225
0.6878758949759654
0.4471135798217706
0.7089058996439436
0.21168091363065722
0.1995785926675957
0.5337554077715101
0.9903707811781308
0.5965797749473032
0.7278548649146507
0.6438289719858871
0.2712764444478146
0.7402254306493681
0.0531704439183005
0.6529437014536154
0.5751439327686223
0.5094129983388104
0.28626123520818936
0.18650701160338357
0.4513921744112075
0.027712851513997716
0.7585267637756357
0.7939291975530703
0.26506970549792785
0.6348675639901391
0.14001747485158234
0.6321191126155224
0.07826495822577428
0.07771926213269331
0.8535907175828366
0.9523533994816962
0.44380585479868406
0.5327453288317926
0.6537760089806574
0.24627565127434237
0.0013086175303613778
0.5090763404481427
0.5228907573959378
0.5227547388929852
0.638380388438216
0.8808071243838066
0.03692045104856112
0.7310214687885802
0.8951173430954109
0.41225179508659815
0.6294346803052472
0.10861335308809306
0.19054485064021853
0.464076012673718
0.836628374983803
0.2616540314771545
0.5943318906584999
0.24782442786466274
0.8508503433965807
0.6481375144827997
0.33699012095082215
0.7601039862525479
0.6469756578924886
0.7112414708483517
0.48957211478282137
0.12364743223719443
0.06013538077691938
0.5779906304861818
0.68269486769007
0.42759087146813435
0.07749410484351871
0.5462509492405855
0.09632020925664952
0.839764066814792
0.2917519164265361
0.45547407053794464
0.288999636039481
0.817721678193795
0.23605030172862052
0.4783211875098702
0.21836333596308322
0.22774830834854054
0.22476621948450215
0.7609006043292365
0.06525357176537283
0.5198393705870668
0.7660864204028052
0.9417367120743597
0.6243795046110098
0.6297767678189768
0.5063593019495998
0.3913401039682882
0.3397796757768593
0.7075072575323234
0.48895890837099865
0.22776552627006352
0.45665742935147513
0.195865590896091
0.594832704200624
0.825845904977144
0.15731753857180453
0.4651846100448095
0.09002757844356934
0.3406289770468166
0.617409304501216
0.47470967053693924
0.502641537734426

0.586079654386829
0.7021736462829307
0.8744098826390911
0.21604285903237574
0.9188220905491261
0.4869361065961961
0.09688138577128125
0.5989989936726048
0.008084639070943256
0.15195716379841884
0.5992653569644039
0.9288764122146663
0.5449976159520555
0.4311157379067926
0.6477522620752988
0.45169665015199967
0.8508165731189421
0.3280840750434809
0.3337963580092963
0.8814652843316899
0.13883794303966568
0.14646948039438645
0.7106154231741177
0.9606356165798201
0.6157224853579363
0.4604081616006084
0.11458892722631198
0.39644177241074596
0.224848100090427
0.664099762966908
0.14197785256597684
0.880064908165358
0.38557067913025533
0.36587239072990774
0.9459063487636131
0.0542798003519096
0.18050650930177403
0.8488677983292152
0.8310418238708936
0.48910729437238787
0.12858451629606293
0.18477039432064557
0.7704997755203982
0.44585688175116855
0.5148689671308722
0.27341998929279065
0.7519748368502341
0.8468515820652786
0.13938694787196426
0.41547278176913516
0.3695752179398868
0.29465735782616254
0.3056580582392242
0.48275478857087395
0.6726245799569157
0.8735906021895516
0.8375886073111952
0.09985992696475376
0.5612697581392202
0.5582822781215804
0.6790362900508797
0.3172727981947351
0.2840205012284024
0.1143809136078614
0.49086096196207873
0.18932575040688937
0.9180790483062378
0.7424925645236434
0.3216355869465197
0.38664000454594216
0.1954212522708928
0.4747131109143392
0.9377198381712659
0.6076145828589016
0.9088330838792538
0.6202236572400561
0.5740938461511426
0.3451703115422986
0.4481264685128683
0.9879816662043174
0.46902769074238715
0.7635648861686274
0.5206108371220388
0.8463177637187189
0.18185793760872837
0.5236322344202461
0.5651516632172559
0.712085600075065

0.9847420984706555
0.6345537933556508
0.6694797240229522
0.9247080838309136
0.1907568642606795
0.6950622205533382
0.1547461085674876
0.560108069040854
0.5114077786354
0.7870170896182213
0.6596168284926555
0.4401678019751605
0.7072749871577366
0.53316127867056
0.4757137285988624
0.10202485964519625
0.19773346601152808
0.37489696362329095
0.8053682966106102
0.6474018749178566
0.16288815965693693
0.0422242283288492
0.580158763101621
0.0354636396312098
0.9670746600320248
0.79469016576671
0.47073475600847847
0.05524508938091932
0.7178453558818049
0.0890865476491457
0.31507150199169365
0.4059894282727663
0.6716762043626263
0.1946484175713531
0.8310730929733693
0.8566116478897671
0.1524795384520362
0.17755754555176095
0.9835762099596047
0.48704086868478214
0.10342256820671192
0.9290265468156916
0.7676850993840446
0.36320059762405266
0.717211260994148
0.594102758208875
0.7694240469151675
0.6506903646869869
0.012962015821425532
0.11409379960738775
0.4505522851879902
0.7585191637224724
0.1681958050309842
0.5590803150169653
0.7296070588724722
0.950415506036812
0.6856145967779033
0.3259931956605572
0.04115993858679001
0.6369472627781755
0.07987959179310067
0.03005624833316145
0.7195802691631912
0.6532732760607673

0.6639169889189009
0.18137760295540928
0.8944318451300479
0.5631971719492692
0.7892135242090895
0.16815984931737848
0.7069765943070369
0.6934171256866283
0.9672673692899884
0.203242652883039
0.7145664012008153
0.4863321853964425
0.7679222043777264
0.5082148972495193
0.8067867393168977
0.6406315739511598
0.7847214443953062
0.14292614521402558
0.6622862198930071
0.3247920129578734
0.344600855312717
0.10594669467687923
0.9788744618455328
0.5668926209739451
0.9560372540641475
0.3518198148591034
0.923476519342832
0.4573060727291195
0.7728345854312121
0.14464905492014313
0.8991559681485859
0.08624592326893754
0.5615453759813662
0.42801540774631075
0.18921437713866274
0.501992000402372
0.9638656239616237
0.5131669900294311
0.6982005345670144
0.6707324608811063
0.7347695970980304
0.5275953286647814
0.2806637390729426
0.38886560674451887
0.3132731513219389
0.44229782072048496
0.4830291226432759
0.16973131214796544
0.18737672666857397
0.40819296252080073
0.956284782265496
0.9828215493407937
0.5300971653255501
0.8724886366846831

0.08996686398741538
0.8246385891060213
0.7005026173490103
0.7236846923413004
0.021922370804626334
0.7421321793126653
0.9113134364270778
0.23769219128098962
0.21124906575089997
0.30686858822822327
0.5624977239699934
0.05033689635297989
0.513116544602579
0.2509938203116351
0.21354701618691285
0.8320531243393425

0.9095447919163845
0.9260465688954087
0.329838081578395
0.720490464426073
0.9807435261950467
0.6300760282987642
0.1076243533320379
0.5866571618481239
0.41842610864388363
0.12828811700955756
0.5707020696643048
0.06883362679025706
0.025480143957959278
0.8680700353629264
0.6652462037242062
0.015104047196573989
0.997955258040925
0.4057795337173439
0.9115800393787171
0.25492154348044493
0.7987137611669284
0.060332934625409784
0.741513542281863
0.26076491216412745
0.452763621995666
0.4247092104733763
0.21173866852498968
0.9899127486350046
0.23052424289661
0.32317247109366976
0.5632150741493372
0.35874799645473654
0.15123223123014773
0.7231534851526726
0.2351219682522273
0.004379637834457495
0.9632305738973205
0.5032539208959526
0.16313619712783567
0.5650013204938874
0.5244594471220526
0.45967026490468077
0.24847777607996402
0.1507999515412103
0.06825929725234381
0.8374443796654109
0.3363662941594714
0.8012866294868269

0.22425427941612563
0.9240065975868953
0.5862404497035563
0.8885486484539594
0.48592117010375213
0.7797073047490798
0.02470792191971849
0.740811572475142
0.1975530094406489
0.7171629523045183
0.42900438419418097
0.7672489737890672
0.801121893425203
0.9007427631512704
0.607291936348718
0.7964756022676936
0.04783493241471071
0.5367273655608472
0.22375560761582114
0.14175895104345926
0.6228549551129651
0.3852890945935472
0.5962038431696097
0.027075850988690364
0.1046513625823361
0.5307707262893623
0.4243542637147125
0.5616180120744686
0.6577281320048644
0.5791134153660886
0.5391184402226569
0.49106947721041483
0.4386727022961667
0.2908550801976042
0.6712427950625147
0.40701944758843767
0.3687395079706368
0.4352048417478299
0.686383520442736
0.572668763809097
0.7026335341453629
0.5749078765283692
0.7543833446708134
0.8802374145540033
0.5909960414943006
0.5810137324928022
0.037395128047361115
0.5889933650676596
0.062295519486410655
0.41250817338569656
0.7521323760223367
0.10791430871140983
0.836974238888262
0.17298719840079935
0.540297786432393
0.9822722889409704
0.8982669169801395
0.05408863595814495
0.7466573707026818
0.7600333841900684
0.005417578873117557
0.5537569597361517
0.13033055613845446
0.6144794544861156
0.1572727616947036
0.8634967620882128
0.6852003453063175
0.41071062553710846
0.26187896131545907
0.2498530099483922
0.17335574254692032
0.43095709240952373
0.8019880168116563
0.021299765744537513
0.8578809643383112
0.3982904543924374
0.17400131699812915
0.37086122982293024
0.6373983275289025
0.4918685517071353
0.6508539813308908
0.9255168178485029
0.16553914827770266
0.6015995967676068
0.38361953443261443
0.6714469808479743
0.4207322751351469
0.8769920923751908
0.015884251254081216
0.8992840259869552
0.39877240629077737
0.792161167419557
0.4202401978413829
0.6049148859923139
0.6704048512292622
0.7874836307886466
0.366078144694268
0.464884038063632
0.8092719112551408
0.6905571939429835
0.9472462162192817
0.3045718494462051
0.49165545038696934
0.6632256230514074
0.5696292807509884
0.32483699900072105
0.45606280270185184
0.4544888039210049
0.18506935379324185
0.5156911932858335
0.3147323191697039
0.7066877417301884
0.650239539352898
0.2750379990330174
0.852676080708136
0.6290835616076176
0.7692452634358972
0.16482441382752788
0.6229244083539838
0.14587265965428542
0.27007039546533107
0.5311827955127151
0.24011246987671087
0.0029623274295587088
0.12757416156630297
0.9907893771343995
0.5496991865622023
0.887802657425311
0.34774422203001587
0.26179381185535344
0.357356351929881
0.9356797640521339
0.52569068969617
0.028678753222610265
0.6365355121330314
0.05402661012603849
0.3477579128445434
0.3901894868045884
0.4929580955807902
0.3295866832824349
0.628077877105358
0.8709697243549163
0.5864363501833593
0.5929769917781379
0.6686609971456856
0.23627810834054774
0.6434801188731817
0.5039417866757897
0.7332999002430918
0.948649237204379
0.7363628187815275
0.10371632472243042
0.8252266454238797
0.24770412751335324
0.4121299117647309

0.2315458239996946
0.5649765436644822
0.3016425636145599
0.1608234009205104
0.37361822806186396
0.03970571101532183
0.373705435663787
0.07787092359213299
0.30223569690098206
0.4379616420084451
0.9526004706621118
0.39331723804843244
0.8878420258447989
0.9158903953556623

0.2165245936285599
0.33840502960630403
0.6720192368544038
0.8307569816720098
0.47516428701905944
0.6784838339675503
0.9797571027498244
0.623635008420897
0.08705338565080634
0.6961345052603011
0.7147506830691186
0.3668903973633142
0.9191194764954229
0.6784435323852586
0.9483576279812336
0.12177224030908074
0.3607699340671433
0.7551227809411262
0.3334447601576186
0.8027275393005899
0.6962085299802616
0.08127929481601581
0.7704138162406182
0.17556899191814768
0.3949298867652038
0.15789298582064704
0.4588944868521503
0.28566957743283894
0.2560715206309132
0.46910365436951196
0.4395541353618787
0.7096710358117154
0.014538635703562286
0.24247476384338074
0.29482148761301274
0.8564825540293799
0.6856322616022336
0.2949742907428933
0.9679171689933749
0.8446991816950878
0.9794791900410869
0.998117303070729
0.6106818456956542
0.5140497551923928
0.42623609442012544
0.8159989395867205
0.34798500905824126
0.22924839645277506
0.1368487207509932
0.9931194464275639
0.916194299101241
0.12134473392598466
0.05254272973503593
0.7636362495304669
0.12823876959697056
0.3754082090993016
0.9205242368462282
0.653092388581092
0.8010389129632718
0.4218188259768032
0.8831358266164239
0.8062088735923989
0.05834015456208952
0.9815251269452249
0.46948950549650126
0.7158122008946657
0.5471204476334944
0.2848617870842455
0.07085452157728545
0.8359097615522265
0.34386885105785314
0.35376585506971003
0.4454401649693548
0.3643030524925227
0.5514679279800996
0.4402150761694359
0.2107754712553358
0.43021087027727645
0.30909542946414414
0.19412253230208065
0.5253335362136522
0.6212095573961885
0.629378516529889
0.4168554275293639
0.6392686202331892
0.19634206783187136
0.12608751720208433
0.6044335710901207
0.697238367606613
0.5569042013768233
0.7564820880930718
0.3684727103715537
0.060788443284812366
0.9361061153087401
0.5353922359207856
0.009357033860733277
0.9157116066938064
0.9282973825636696
0.6688232330942457
0.7441160976025513
0.5280214696445293
0.7952306673908734
0.4626372882184815
0.2704686752339046
0.5374267028657088
0.5398369775203625
0.7435623418303308
0.28671061489158833
0.11727611156643403
0.3798875997678577
0.23822823256912407
0.10819863873478008
0.07571490417208215
0.9960172508856234
0.38276333722178346
0.8329223668660284
0.012782497282828986
0.02473595577609522
0.07489621262024126
0.48202703391350066
0.28910971080914705
0.5634346216376092
0.3772579821961004
0.17713848101484098
0.8505453562665649
0.5189372752836919
0.5794954722757719
0.49472027335176694
0.9324924538325521
0.3717493097918859
0.31268708956239066
0.35140148338043975
0.42005746737150884
0.6006665287576365
0.6652909967838758
0.23689578951107237
