0.41752287081175643
0.08700181440059773
0.06899446402724985
0.002214638657010437
0.2983529999238137
0.6697673772617728
0.4941607623884925
0.39297384967532645
0.5735182381596108
0.26195161164284597
0.6931933912241911
0.9663805211690599
0.2588129556249047
0.8731368511239995
0.6553944404035931
0.7774558951102233
0.4906661005018671
0.41344091384668036
0.19619994483140646
0.07512738285452114
0.6625306056458118
0.12809772132074493
0.25542380591075997
0.3814952124038481
0.9009853873920017
0.39517105841362254
0.8504106754141252
0.9756461865263546
0.6935440611390522
0.8193610250465097
0.33450167993129354
0.23713948468871793
0.41587435212715673
0.3061127849082569
0.5834568214075116
0.2424440928146111
0.931936842490821
0.5534445742079338
0.032589636042916315
0.3820579541312207
0.2729892340884694
0.48865312226432656
0.7470351154758406
0.13778935212091092
0.5048133898702999
0.2572706507151171
0.009553592857984183
0.14839408062034953
0.4202929961452102
0.7763045340453583
0.057806087881890345
0.8967400862993969
0.8773033600008772
0.7765080548700086
0.956383381966584
0.564705319459277
0.8169809111684361
0.26730939307749757
0.9751397567360467
0.5792395261442767
0.2475605896145474
0.4373861924392477
0.20635177375474967
0.5546747893630123
0.7074420903529544
0.23063707586889026
0.9447635352158013
0.593420878772437
0.8251195500538142
0.017929420385091488
0.35700661532124955
0.3788953984487088
0.8530949756501581
0.6251950040632661
0.22572223346109743
0.12144033936411158
0.22497232984246895
0.5342997325673307
0.6449074469206867
0.7473124909006081
0.12343331542778913
0.25192098718376965
0.5192217995462884
0.1483215169195814
0.40308932621064053
0.6849512225225055
0.8702332883006888
0.33530410277344236
0.2793698823366164
0.3754950548154359
0.352469385611611
0.7568241459116187
0.27712402400054403
0.8023354697352318
0.32529364910606073
0.3856194299898691
0.010759979351926408
0.3711239461648469
0.241192427616994
0.8925760379896788
0.9272261850344897
0.5313454469759603
0.06349860529937656
0.8000984495842594
0.4770289193740933
0.8032632773921653
0.15140858748014363
0.2750180132819302
0.6346724988729583
0.22129079290790588
0.6674033623051144
0.5992735033095951
0.13118970508311512
0.6853341455908791
0.737321855132056
0.4230441819148415
0.37408235153463176
0.8152957910264632
0.19795122802621612
0.9497668602688607
0.17448720110611526
0.570820874734599
0.5905721602893119
0.9710866459039836
0.584458402319882
0.6706050303078505
0.6800150535713065
0.7365887534095303
0.3229573308333127
0.42015640296451595
0.5910928464181193
0.688742348478764
0.30002922434530443
0.5680782323991983
0.9292930186339258
0.07318333537034849
0.3397188696092883
0.6178681347213226
0.6949640351414018
0.8886133090051568
0.992176948631453
0.9914719011812565
0.49262818974028444
0.9373646788581631
0.6523651619710787
0.37151433169327175
0.38077950145015105
0.8502751312384339
0.8023194570938383
0.13131033067913045
0.137393658306036
0.6224996676341323
0.8430368987141885
0.8966780779744398
0.37133076618459626
0.6209625825436147
0.3810491943366566
0.30151093640804016
0.7129183755216543
0.9014623081454454
0.1066427813318851
0.6014787195190436
0.9976853837445736
0.5224283873108587
0.20756256480947122
0.18231009608627946
0.8765213877645394
0.9641233586896931
0.7103175358659967
0.29972032607098187
0.8092002056405502
0.7188986367759612
0.6092016056859237
0.20631833237610098
0.6412237121383974
0.9102410427204642
0.07035770570394306
0.7786691434149466
0.2259352805875886
0.3001424880272464
0.46483161413427143
0.5101786600385443
0.5861441223334579
0.9839611803600342
0.780830442399015
0.9132541576440178
0.4740079929341281
0.756412909625531
0.012043429442581077
0.22953028665803676
0.2805756366773495
0.19577629680623165
0.5554019378551922
0.8962904073526287
0.40218043524996494
0.770055803786378
0.10957908181347897
0.45160224038670405
0.908978437307879
0.10385097529377263
0.5450598184249296
0.9258163683191628
0.001929700290292824
0.47212410198798904
0.2575162939818988
0.39190887413802644
0.9242435005474863
0.4134307029873139
0.045185062640671125
0.5456310301269908
0.41505243668951775
0.2615956201935248
0.2104262213350543
0.4169327074520035
0.13379369267902885
0.41807944148624077
0.10130718319760768
0.0894447184702305
0.9891855247660214
0.9856814391738842
0.5932757270137625
0.17484742740286974
0.7755408608033898
0.6768586798622933
0.15812116457532588
0.911660939117404
0.09970591495713144
0.9581384302394098
0.05508762365782127
0.572584554460559
0.5044944461831892
0.10717975573446592
0.8475082956809904
0.009643185344775151
0.556079071408042
0.14284592413459052
0.5102306253086533
0.7489996199808114
0.5982668177950825
0.35997211253361017
0.8272622435545681
0.6587822308215806
0.03733047586551319
0.10931948927252322
0.5914633799269413
0.6237302072780883
0.32599796385687696
0.7520291718317005
0.3417910989066165
0.7596872646245373
0.051144802318494165
0.7669101732289356
0.4717257665245854
0.42688268351349234
0.6244460259029412
0.5511166581855462
0.11513439047457674
0.013336699459773449
0.6426262858017541
0.9188549494977885
0.10136650543116354
0.06401533696031658
0.8535840592329983
0.7108781835654664
0.9405175612607702
0.44446264916548894
0.00669876166717831
0.7843084924738845
0.9161695232825915
0.9315983887674281
0.3515454817415331
0.4213407420633376
0.724072611755152
0.4951878041216191
0.8802088592701961
0.5448688672061919
0.004167610092366991
0.6215246485377962
0.12877004472005216
0.939533503978344
0.9623661243230244
0.18901813036086823
0.2733434467978846
0.11516121373359844
0.8394651279150247
0.7434153694783037
0.731808945462456
0.8262705173242975
0.44561417433798256
0.09764242696929604
0.6020852933817714
0.5890167548068191
0.2941799118948405
0.07121358256566368
0.6930860243227969
0.08903882936955254
0.6186378217215918
0.5340089518781088
0.6546056049464926
0.5288989405042204
0.6107255789680417
0.8535006739182562
0.0664831844311391
0.5991539716721754
0.5111616715466141
0.26127913837560524
0.6887186085406026
0.9746250270494784
0.0973646246803962
0.5190547939792938
0.5381737054694321
0.1623248242125599
0.8633720771532172
0.30364668243843707
0.4978689324498734
0.6224607988146604
0.40118199415230826
0.026796608316901893
0.16217627961816183
0.05929275025137193
0.7085216055861364
0.9456515715710172
0.6780306936035172
0.776669579838187
0.29201376205368645
0.21304120030880846
0.7968081084566555
0.08027045979049785
0.5832930143041779
0.6354437341350749
0.38254269618927583
0.9061198510700187
0.6920277001688333
0.7864654047034035
0.22182148070286145
0.5741591854249684
0.9516025079180701
0.17172809534240863
0.8438798132077313
0.4310982921853409
0.8690531000234466
0.023935993816547985
0.17454840750885148
0.7998275978937119
0.41582734670124344
0.1307456858862689
0.3161596442830503
0.3080527582871313
0.2523601791395832
0.7485094952217171
0.142347371635542
0.4089742085121324
0.5866861156557314
0.2993268787485611
0.20268218057964615
0.3524632007184215
0.3380779498553703
0.159237833558448
0.7461650646787051
0.9127799522281533
0.6544767291684771
0.6567580441539735
0.9265153372426523
0.3231532531518917
0.1381441460492353
0.9047891856234184
0.23673608115903777
0.35785473992994676
0.12689146520765748
0.40118145744816647
0.39521245172081654
0.014933131207855666
0.12860841978399296
0.6696724865205179
0.28583543046232296
0.6738104232753813
0.14879588010997136
0.03964068287413369
0.7280037593607311
0.09047913474802705
0.7837318585261757
0.12067424510790725
0.41962954133259067
0.022318266036441714
0.11959843094134048
0.7263871993780433
0.6176077882238766
0.8361941225430052
0.34541262315559174
0.5492191075117484
0.8221727149275334
0.9371530121940457
0.29195837301692196
0.3740352562902113
0.7854344156964024
0.8094927552919086
0.7584996902778559
0.18448571981239792
0.5112994472919568
0.245670869327427
0.8103729556677106
0.6185697767403971
0.4375484793991302
0.46482242337373125
0.6700517349677021
0.7532682470531173
0.06641451010033295
0.11904606188699085
0.35257449707369914
0.8872223614953811
0.05153114020541416
0.8049831142764696
0.1775237504624233
0.07363409819283184
0.2731190993651096
0.9374719476204602
0.431970887814204
0.4462444453638005
0.11866872884814827
0.04149704071567906
0.8317537156307001
0.24702025261144422
0.5147740682994464
0.38067632086935743
0.00012113540734737249
0.9888507479083884
0.3410543145378956
0.7690111127313974
0.9852432607293142
0.5028806913491615
0.7562702667263766
0.8095444328585993
0.8433984585949535
0.3466457605991158
0.7307410873770122
0.05030687429024305
0.44037782042291274
0.9071333141590702
0.9231738212981881
0.44963773132578677
0.0034004411384325195
0.9735616418084877
0.661725650411484
0.4392956168517306
0.8377803144232936
0.2593626282754635
0.8040733688035506
0.747655501425351
0.21037910314631791
0.013398250495260555
0.794232493461884
0.09829828228560278
0.14109167010992263
0.7357882445611725
0.23170958333855285
0.09296963211118114
0.7262036997203672
0.00486212163567179
0.8396019746179553
0.10898077147565488
0.34819628733620955
0.21973249022018426
0.9177896886988711
0.6591102050653239
0.6928960275590568
0.8149355385365177
0.04392321503721808
0.4365748466306003
0.5821818075150186
0.8030890910413835
0.44532051136604045
0.1736507378172737
0.4479188994847966
0.6798429523656809
0.6480062371393286
0.49866231129754823
0.4026470343692612
0.11651403576756092
0.06002854297990978
0.8960893614369642
0.8271498805158626
0.5251658608997795
0.5055482459493432
0.26268134451434333
0.5978342417565519
0.6785100790326978
0.7409764003062443
0.5197945570534014
0.1586736959656011
0.806641544049318
0.3057235069459082
0.7194068535980602
0.23104646423285125
0.35492339307748344
0.260061477624672
0.4421490688891837
0.9347811278663865
0.19073675231852505
0.9344510411566777
0.6420835521243495
0.552186041832729
0.8069367761369831
0.6251035166421991
0.7399112566618216
0.8010257987691395
0.7824603526876408
0.6156869898090218
0.6959929984791777
0.949454075315901
0.7349298827663286
0.8342873534702823
0.528167323379977
0.021784166935452598
0.9791914196666239
0.3098440655442062
0.9500748440122624
0.43284254154283264
0.3060239898373247
0.23163161290889378
0.3663736083349888
0.3447227079124938
0.09516878068085999
0.5767594436781825
0.9947957393695015
0.15706952594704926
0.8354756859223897
0.877470369989012
0.37457482477003534
0.2334328649767633
0.4684927986752697
0.3339458109377713
0.2948605825151308
0.9390692644263666
0.210957434430185
0.9212850140080947
0.3552363957274578
0.6642542273029473
0.7603370331624416
0.2586372709547291
0.15693734435170514
0.4605778408844874
0.5847739822004652
0.13570407752066405
0.029843982842353678
0.20474228195142907
0.43311427067587516
0.6044232178304249
0.057735611298603384
0.5077646025199872
0.10780509537358096
0.9296417336312636
0.26773668051814814
0.9688282593282117
0.260302690974215
0.5909472293232383
0.6670270605040668
0.06267931816210959
0.3757201209745359
0.3339198422364392
0.6347026961558286
0.7260241894038424
0.013115751728672409
0.38931797181103256
0.6776913813145945
0.49975306182730894
0.28968970110164316
0.702519833189895
0.4508779493925609
0.8572753130282488
0.1535036138709015
0.418838214863285
0.7194117254829336
0.8461334888998925
0.04789030774652303
0.7550108696322292
0.9906818692519728
0.0893842809010631
0.37642047674559087
0.44982961251905784
0.601675881906189
0.9311063091023372
0.5206963137051935
0.07047047277880869
0.8871602079595868
0.5231861591377651
0.5934416538675205
0.8326065706134473
0.35877980665985076
0.8207094622873107
0.7596627903781908
0.5072021851286141
0.6064719174023229
0.4019128005550694
0.10909924763362899
0.46341188684793344
0.8904680651413601
0.67232893461843
0.3476992921300067
0.5770824427787372
0.1886900285966432
0.29241887594697813
0.41729206929270246
0.1874005745542895
0.24236773913378995
0.7597126576184788
0.2105003393723529
0.4331428106738714
0.45142804693949357
0.22468681187129602
0.3440890875076692
0.21494316355063103
0.5798139013646868
0.983835014495032
0.8612593086406453
0.13342308870300268
0.4231812865464398
0.8384124246298893
0.5420218928907388
0.5621149382479835
0.8295107581085843
0.8569593713679646
0.972313369729877
0.6103845215697297
0.07360886576545389
0.20819554751243996
0.17457614703742785
0.36291507804213785
0.11609313840668334
0.7433187203185344
0.018924088254013927
0.2831065061554079
0.7000430775734224
0.932619304324166
0.7217785875811794
0.32895205601276756
0.9652941083714134
0.3065764752825223
0.5653520973475888
0.21403695725067418
0.10225909974064629
0.8073967950244643
0.5407616464769937
0.4144590101493383
0.28628634283209264
0.6766802066195609
0.6560477872015301
0.5858355472588906
0.9347302937051672
0.15271140266546235
0.43254795326486317
0.9964493284930153
0.5572440129554797
0.5504175292560854
0.6475846192080905
0.662109086214145
0.7856841423444972
0.8517502556433475
0.6927669760145919
0.385178643217594
0.7275829394945281
0.4808715011717808
0.5341249187569275
0.544292142805556
0.40969702738079117
0.07609942725741814
0.47139156308770946
0.026106016065570836
0.15881411716211336
0.612155946384405
0.6006677801999425
0.921205092014023
0.21846704326581623
0.24553555164515473
0.38056023661665916
0.4537824351604106
0.0875248582344833
0.8632498050758561
0.12405803033607554
0.4446896247990195
0.5446523605774218
0.7559564459757756
0.9987761348592513
0.8621167564671979
0.4635928304210575
0.37941525397706455
0.4561472119907324
0.2684432207394195
0.7563550851001944
0.8544632346047908
0.33191883682435963
0.21643943636147334
0.2609302719567167
0.08487131040770246
0.014201473946541587
0.31038806160978294
0.5432251392500276
0.9457820451987555
0.265125074620157
0.4626223873260261
0.6650480550083434
0.12228709647150093
0.04753304051545082
0.24635976979592433
0.4819474571815786
0.3684374205303641
0.838391720589038
0.15113013271535258
0.28731281624048643
0.2643448640491034
0.7544050381680176
0.7000310557293647
0.6152553217472589
0.840795427192811
0.17136898515651788
0.2252865139447987
0.8276378399170949
0.24921826420166648
0.6164364374093062
0.06593378917031067
0.19511032217776103
0.6967971756235971
0.31712744746079313
0.5815846426877042
0.4010091304869805
0.5963016230897332
0.12522601280085044
0.1928056504106671
0.6099236498666246
0.5588542682668781
0.7038684309527677
0.3564799130904458
0.04497171364426855
0.8267925420084579
0.5701769302108733
0.7361706231807089
0.11585836631209412
0.0899836771102529
0.2007924478072265
0.9645052766798176
0.8478193186890475
0.749726550658423
0.6360917672800319
0.18589413159509882
0.5851395569119889
0.9086297886734569
0.5184432038179779
0.6644099188937377
0.4094453739066978
0.057172580463197176
0.9263653022907001
0.12056124766602017
0.0738677776383867
0.6297056919756208
0.22549013144953356
0.04872350040909312
0.6463019879500129
0.3971992622399768
0.5172276123517434
0.8990110435843952
0.24455399730926486
0.8046230315679667
0.6536044595264273
0.5611950185427909
0.4090678216067364
0.7969388506305376
0.9585157928625861
0.19651443586459405
0.3181445992381914
0.5775500326114992
0.15246012701932
0.5491237583895168
0.7192263255955854
0.09855209298219081
0.562033275745989
0.1684963273843484
0.2842659409515709
0.20598036046254464
0.5344878498568332
0.9566766571087144
0.222626447587571
0.05605504125397309
0.7477187311491167
0.5845081310207533
0.08417766848396635
0.9119129801144956
0.06450304942666785
0.6578578679493149
0.28341602465317073
0.4644646762821881
0.06826999825885682
0.12468558346323733
0.45376347103135817
0.32172570247289944
0.6439772403264955
0.7035552509249537
0.19734932944268968
0.44425384204999174
0.26690245940143065
0.7313029725395047
0.8921603104375018
0.6040472327971924
0.29113262960493913
0.7095651364328173
0.21414508992659165
0.25864901921971084
0.466337291083623
0.06499686988796938
0.491484130970414
0.9717768221175386
0.7993776435764284
0.814711661255687
0.74653253667518
0.9011934789248752
0.6727839316612937
0.34222291290050566
0.8860356871296046
0.7230720699081535
0.5161629222361459
0.4091888961652774
0.8278078555166405
0.7593630833596693
0.5475120470511255
0.817768637112002
0.968364284227747
0.735240665709375
0.06438174946197539
0.059321553468205
0.21302520406440806
0.9160442351053815
0.9795083043476883
0.5791058734479834
0.8658027806747763
0.9458845046880247
0.12243074613381488
0.6444869817724477
0.7501700474101854
0.5154891186313002
0.9711985124077622
0.42678125031482395
0.9842148830911334
0.8470049248824305
0.8773533820988481
0.8608477399100115
0.09332521562925866
0.5923128669742659
0.5606762656278049
0.92918003639873
0.6377695288190328
0.9780000889120952
0.5877975761877293
0.532039839101234
0.8724817851615678
0.809056267795024
0.17207618869726193
0.5205407379001714
0.9387662191303406
0.054913127376251536
0.21008168886480982
0.8823534728278551
0.3754362046564156
0.1161363820249931
0.3102478941383403
0.656873320716288
0.891844037983842
0.11255904732009436
0.9365161952433068
0.651639857023489
0.8417974273400124
0.061573858623178435
0.2154659103095753
0.10157011257980109
0.7037316358570477
0.05883755125472201
0.01994721421688017
0.8891207251603603
0.41529859483857745
0.8803154159026125
0.07087014317892526
0.02093569854114785
0.9727965043890351
0.8203365036823854
0.48243478517081584
0.897702799271168
0.12936730260395068
0.44657286285111075
0.8216725755875505
0.31752148668716784
0.4570174145870479
0.8087025966386279
0.556120712525862
0.18525672146467242
0.7018198390117777
0.2706995776432558
0.25104305375084346
0.526375636711827
0.8914127776855946
0.8795377857828681
0.23536195153571138
0.05858711809435391
0.04328352872528951
0.40992555132794284
0.2960323260116483
0.9224006878610214
0.2800970627627686
0.1421776590773871
0.016060706268872127
0.6036266107886262
0.323874611177288
0.8892938399658115
0.6985492279667989
0.09283535198753867
0.8281022006841128
0.6736026538497952
0.3953923750046432
0.24685569441460986
0.44305621979731336
0.4032506082307622
0.58049218929916
0.8764912037760134
0.4826354711033508
0.7705681025380628
0.29055207109795367
0.0859566026177555
0.20114306193152165
0.15423874482037536
0.5029793335843572
0.34966567666601445
0.3181791789731159
0.35324340332421655
0.24047655042581273
0.9714740095918328
0.6073063352793394
0.8336750670121545
0.35814328965794295
0.1294421703381734
0.21681789555742137
0.9005510549181918
0.09097316144312073
0.4118507181215977
0.009835126585482468
0.5869619939064563
0.02458896328081983
0.4105270706139187
0.12911153731447433
0.9862223653839428
0.03128466590969958
0.737538812213448
0.7160570864288905
0.5195290918260721
0.5966269465703801
0.01967592769492399
0.35463611798352324
0.6104954610728104
0.14614060648552318
0.9760156583461431
0.0906949382452904
0.25024999113597046
0.9936052974435732
0.334813934016457
0.02370543580003126
0.23561050208693746
0.86225253219272
0.39505979018484494
0.3130328618906173
0.32869365718020593
0.09572453641955814
0.41129879570605155
0.10098062166591315
0.1169813784633833
0.1204757149524679
0.07294691535816122
0.039362006043738074
0.559913188773045
0.5031804166485774
0.7247601990033946
0.2112587964248076
0.5362152282204458
0.7461750544052396
0.9984032181384249
0.331414462873164
0.09384673467116633
0.5686754800614484
0.35188831386118835
0.7678423736478509
0.5324069005446606
0.2995397788875569
0.0515184328649505
0.7606434717963667
0.31994500058002784
0.9679996404537997
0.37751983700577896
0.7353440494538112
0.19083429312453593
0.09725902614190696
0.9490998709568387
0.2889055199746088
0.22678489501339671
0.1348047517172024
0.6618627270417055
0.5969203362223882
0.5573291115711969
0.4858378516655196
0.026249546833995274
0.565787836676281
0.5981308389006775
0.5456498098794457
0.29388808331732197
0.7091773096586464
0.5536778917182538
0.537046726191039
0.6196241526931583
0.8514061159333247
0.7745518881289822
0.8802444974870186
0.35642107913923937
0.6141234728590864
0.21529028865412247
0.22189906443822682
0.35189422313914165
0.4826066212339465
0.7614689138384795
0.2518119096951582
0.07214662886286483
0.22802994342630545
0.9682229240952275
0.21286433781038494
0.7901753490969312
0.9359277955923945
0.8556710403990293
0.9256816195863351
0.5242602135789012
0.5688312310759358
0.04901495218311536
0.4532538159718772
0.2889396113703703
0.8418515771570089
0.4966029297914857
0.03273822863273723
0.5519756775320557
0.6678044539455258
0.1704359800973887
0.40873681746030555
0.27386037112553674
0.8254309899637607
0.484109848305333
0.857607317668193
0.8430708477506259
0.034990093954154755
0.2924585315505308
0.553937306376901
0.14258407284299313
0.1794158004989035
0.4191158943012677
0.3969311465589973
0.6116020483228978
0.6913484982633555
0.5110838697181608
0.05726424941717889
0.82709327614823
0.5455563586728809
0.20874681825021602
0.1721787905908947
0.27613108999381286
0.5642763303649708
0.8515496007120653
0.6265340964383251
0.3279735797638961
0.49691561088177505
0.3019663225885951
0.5237002542449751
0.5790874973438872
0.823487681370814
0.6201534388352233
0.7110904853074881
0.9901781008754533
0.4928016120598242
0.5481583085659294
0.3845402784314048
0.6575900047359493
0.720819257050775
0.6990848224754368
0.7052944440825715
0.3706399270457378
0.8492833461419554
0.15026792720768012
0.5805427445475828
0.7244442694078759
0.7856990869444447
0.5160330135311193
0.6435299273996826
0.6622836343673064
0.0030714017652256898
0.05557991295608944
0.10145720093813582
0.22662580465924598
0.12337696611025217
0.3721436045200893
0.8607314125057405
0.7856712821657015
0.7746450424519457
0.9083527489699941
0.9593997898365234
0.21888448687560869
0.01983948031341043
0.5568869092964315
0.6395698392302768
0.002872567459317965
0.14708420577228165
0.6135640790072217
0.9127003774756952
0.32024599739107285
0.8272035703790074
0.34820262550366177
0.5861016604781972
0.7323640754794497
0.2799702180706034
0.7938715365155049
0.28116175506285856
0.36104031858014196
0.5722202363170347
0.28924357638201814
0.9588089118590261
0.6401996333973533
0.9715529169458026
0.0878318209685115
0.38111477698554463
0.733497433852125
0.27207555159054675
0.5402584430222745
0.6419693168299747
0.13102393767753362
0.42973438270354114
0.044327895180678256
0.4482159710420781
0.20227107175643888
0.03842988964010574
0.8044743249476635
0.8094842298052332
0.0899422351890301
0.9341258484120645
0.13906574561571516
0.42627226521132755
0.4566995817644678
0.9284469510227522
0.48548504578447393
0.31317129198334426
0.939166122680832
0.4485496414389749
0.48877696776945645
0.8417476029345061
0.08719373503038497
0.22684733363733256
0.4213925117800861
0.8654406707326303
0.17891767182151197
0.02509099201394549
0.9526473777162697
0.07164671789321364
0.9114004036654304
0.9176613091615875
0.8759565004777852
0.6880027651640157
0.9791963179054907
0.9346278317830695
0.0831852145827714
0.349013258591679
0.8389372366863846
0.4758138308918203
0.4156432192049909
0.5980286272291166
0.27019560361342776
0.5920137974888869
0.9986787354234125
0.658524030586095
0.9690531885222154
0.6969381021763223
0.42018806819359633
0.37992075003372905
0.7933847973786624
0.05277833653989439
0.9811907525558985
0.2883986363103491
0.7987875094493226
0.8410290404711501
0.8094222042684366
0.5330731389398404
0.9951082877103393
0.719316739893315
0.94247125889661
0.1778866974377149
0.9553749043602865
0.6810567004129015
0.06992335354710577
0.7632736701218595
0.30628670754576703
0.4690079220633506
0.8305805844854679
0.058855932232566355
0.08082121140763832
0.6855022877234664
0.9188221327233735
0.765674240186477
0.2801488868281119
0.9678439768204015
0.07026613567190465
0.6721582069793454
0.17326235133046775
0.3071959299587861
0.42687466695641874
0.4143517302296341
0.45686759663125165
0.6656621562078975
0.03829534310755456
0.23169388514950018
0.5700940980339786
0.8718095767550295
0.3276952251631463
0.9977267194458727
0.8386402904922731
0.2302736000650678
0.015991990242242182
0.9428642120760746
0.4112183308829238
0.6512578118083805
0.9378513136621524
0.25984565203295573
0.007893089148678145
0.6163895631099038
0.7728293449188384
0.9892148326016562
0.22995986812856417
0.8407220037240617
0.3362857500010328
0.6593728693909702
0.657102218184409
0.8619873374659321
0.7105390796845305
0.15074945124731243
0.18126017045364362
0.3805034661764398
0.23981450478681465
0.0462619778891481
0.32485166743408866
0.18021315443108055
0.14265849173963874
0.7889916468198876
0.9322195471101743
0.314445713897317
0.455141694110476
0.12026952445995076
0.9917187030630406
0.37610306214259326
0.25434243968376935
0.6616987948231597
0.6798536379838673
0.3466248063630313
0.9196653343048201
0.5155939723003774
0.6451850317685627
0.7448570568025366
0.7841601954928861
0.5041509375349622
0.6368744688532352
0.17450955674356683
0.633155693483069
0.1784757709314222
0.07436406548289443
0.6324074870742266
0.3494623668859268
0.2034180897340624
0.6118383462178677
0.4275210716462482
0.9193980511689906
0.08367966374793678
0.9721148552183465
0.028870299958459023
0.7215664524445895
0.24963182177281995
0.3468519342824923
0.936178175951072
0.7158843470629748
0.9181323050931844
0.0796810323798195
0.8597088245763789
0.20599881375767937
0.17059299380359827
0.6047512053831684
0.6036428652473973
0.22520656556335883
0.6326076202204021
0.0955318453148698
0.8134978391285139
0.06701974840439318
0.33598854079352414
0.8708488604689668
0.5859494845020873
0.10979151976336854
0.7497759035468763
0.3245348013807672
0.05290559207693779
0.5570076821333316
0.8880541359294558
0.4030830364366682
0.6058775874653297
0.9659913826878701
0.5307837005767766
0.7263810115220902
0.2144437293446757
0.25382665763861545
0.7478007600310116
0.6798016141069216
0.4432700328686058
0.4937705110890752
0.6469129639389666
0.5642866426096196
0.23599752968226828
0.7404108810587157
0.7542197268256216
0.7003527284700252
0.1816843853613489
0.17611044359689665
0.056467800066916096
0.0500075093806549
0.8453440687799748
0.5626626813518615
0.6776558828562576
0.39284456970366466
0.009042616344117738
0.5622263710083752
0.5473397965681246
0.924046880315432
0.5796615855021076
0.6153065722178901
0.5244925043874181
0.711935843798548
0.2121564146759708
0.49247740632081793
0.09568232608657246
0.6237911749680266
0.18042568810238602
0.3622481616758617
0.7824973763325099
0.9985532937456238
0.707316922853785
0.18568619667254582
0.6831621417604543
0.6234698573370694
0.07497179626751083
0.07005024682292993
0.4191640841901536
0.7179765663593701
0.09580833108811238
0.11452913503791173
0.6232254575454428
0.6466309631601241
0.6100282597765595
0.38760593529288156
0.47475657403914895
0.9142969256072313
0.18345358623344155
0.3696256686473772
0.46076854978798887
0.32684293234533224
0.25959650946852586
0.28820481052081826
0.26794622063046414
0.2438749577947078
0.7294406094091781
0.11478199301343728
0.6981103988769058
0.5275173228302669
0.46089216946240863
0.6720814895004849
0.42085438199278224
0.1686375946614569
0.41101829076909324
0.8398543066593099
0.8831884130905961
0.9091919450460354
0.7706326114439414
0.3172099953465676
0.8647094814407043
0.16165949606171326
0.2719753804018663
0.5733554167570054
0.012895971814774199
0.6162108299202796
0.9063438080040876
0.9371822881493024
0.05201374688508631
0.03771231595646285
0.3940991674251674
0.2741899456502458
0.29035449897779986
0.01773383373117632
0.6546099602064979
0.49154058112662313
0.8624284431780659
0.1515384883997185
0.4886055024594833
0.8140543034155371
0.5658793652869532
0.5042349832338457
0.32228472240360684
0.20193854767255803
0.022474571563952384
0.06730792358008453
0.859147952977916
0.857727492291119
0.8008616067260541
0.34519467221059297
0.5912868532659237
0.9173690949873551
0.2957508270545124
0.4710258107753239
0.4314087270528779
0.7070797018996223
0.20909935745063468
0.2722865454685569
0.7408290584294975
0.47499806170832337
0.6136215053685197
0.32801159622338727
0.44680987088569823
0.49293206681363866
0.1294278957716839
0.9985675413630893
0.8771136305025128
0.4254215466463086
0.05969554739326399
0.3846796038179584
0.06396829757093192
0.43386712564416363
0.5278689642132112
0.9459373331372743
0.6570075414288733
0.32354820560964526
0.9742135259262469
0.9812598220114469
0.14562138650890777
0.6150047848804508
0.4900851407655087
0.6680520447265997
0.200224291132458
0.24818831172994427
0.6012334682621983
0.630283348710733
0.3455298444544864
0.17454487788463602
0.6645793066469114
0.3068978053691751
0.4784944542401569
0.45207120669663226
0.01912341292171904
0.2897280401955501
0.7397338854919482
0.6992499926019842
0.9525001205871264
0.41948303301982726
0.8783407847281294
0.9668492480270864
0.920016082516833
0.48761304647338133
0.8075401033932181
0.2390571184708684
0.5397812983285877
0.28945113940881295
0.20254630438601096
0.7849338857013608
0.3280196649696481
0.02365907774504683
0.2104302118741863
0.38299325493089187
0.5662195215856658
0.6877833188051403
0.9838182415690333
0.9311065939047388
0.2472402664201817
0.5014160959132055
0.4825844767780696
0.37995191853835897
0.17918588285884784
0.5717114755847863
0.9985570594958042
0.4689720508474726
0.7193935334745982
0.04424198259583256
0.6450624679318693
0.0212252332803875
0.9206054858059388
0.5213902061883352
0.7202826754061342
0.6594050034969032
0.606253436138827
0.061205518602526654
0.05066506712608587
0.16614730733433258
0.6079101294388105
0.6655728879355427
0.492188992773816
0.33118381350036175
0.5463296899290877
0.5911465392532385
0.9871819251944889
0.0024868511499043233
0.769765348227974
0.7061350547211814
0.28327888720710914
0.13759356748815654
0.751023074409126
0.15777305644476958
0.4924294796010922
0.12411535510301519
0.9186904584178474
0.14181111470372576
0.5422154854613571
0.49902556110193064
0.2066305637588043
0.3452290909813718
0.47464948034446064
0.6852012952945858
0.2771899294740352
0.8751669449351765
0.29071681325492826
0.17607509065039428
0.8751492833509839
0.6237429752881264
0.995706692120802
0.2650504327109692
0.27587775886770327
0.482291356826261
0.46073129008168723
0.325971444925801
0.4415922179443309
0.06550913870553865
0.5059545235103469
0.4779357733988635
0.006549671243241573
0.8464867438692212
0.7956711312647651
0.832424518237378
0.41481431045483697
0.5384992883682084
0.8162533435825459
0.6946369405040016
0.9172986868453002
0.1746522411667646
0.7442494391016184
0.23228043544534083
0.7176717724951952
0.32994499602563865
0.1881562623942835
0.14973950854292062
0.9262615284208557
0.6084815627700692
0.48391041352596964
0.1581820232641833
0.08402917525221987
0.9037304719026
0.02313905657406312
0.5909572192588542
0.14305619276638037
0.8945460388939809
0.3118927357410791
0.9241995832907572
0.17354112182366466
0.012942721373395027
0.8972353716091469
0.42411494217678547
0.020546568399012588
0.39913814131095726
0.0711801065233042
0.24778335159582088
0.2691691076350481
0.008725587231298904
0.2908719605113175
0.09328555955189644
0.9171886002754229
0.7453306294486197
0.16921383775072374
0.9404882278191342
0.9605261799068121
0.4898467434035466
0.13441181893301435
0.05519653656185419
0.2579438508303935
0.7120786135683629
0.8729728042733139
0.19864886831874373
0.8462240805606401
0.2867060396057918
0.3875585274471768
0.43418162561220797
0.9111345262189767
0.8190213709971607
0.001366306704894349
0.25324940589214506
0.3377786246443937
0.5123438885337992
0.45977737342247293
0.2763078309907684
0.6413213815538386
0.6368016216911582
0.3484134250553518
0.9569184428043421
0.5644302770660735
0.241693300281412
0.3009392560099845
0.5098187091845515
0.6079166300333136
0.8874273305171753
0.0394317514171284
0.8915854465716415
0.05000439375699095
0.9856081409924912
0.46302030595887733
0.8780830081381167
0.3729603507973328
0.11557784331934984
0.24841121769406915
0.4534383454325308
0.6655459963553291
0.9713426570294046
0.36793691340241497
0.7307758693559167
0.41005148239590783
0.5801807782524293
0.040949395215821305
0.6787875759470423
0.24325758911681994
0.6115002557328713
0.6317931394066211
0.7037922415035408
0.3431161444014621
0.49209777392648246
0.9803596550175209
0.5569904492728115
0.8292394660696135
0.3652718058880472
0.24914318934119362
0.561049735605073
0.4774399999404392
0.7912507426589542
0.8564090649823825
0.8239288689989849
0.6278290792600336
0.19109520993856532
0.3003031481847177
0.07997758840839997
0.008148051583434235
0.7487050095570004
0.8848836834964339
0.7107468138154371
0.2246288610256274
0.8461716995653128
0.8329368512402622
0.4096509516794725
0.14207798102291136
0.48192260531319786
0.8584175922701878
0.4754361128750505
0.6379271796558965
0.0897600146350579
0.8971871158903482
0.27060822215386016
0.173649486306925
0.8140849199052039
0.2827562388742274
0.5299531646153496
0.5212892371062681
0.5635547154197438
0.7819453358376895
0.501924074755957
0.19388594624922562
0.7373888618701533
0.8064048459661067
0.8046084531857637
0.5280116493963438
0.2792360242191627
0.2732269851611978
0.821382325803876
0.19907163458788169
0.39660625766484603
0.13274308914859123
0.034509546229789634
0.2843175850707865
0.783243527288087
0.3990410395766345
0.15551269836021786
0.48973289971063505
0.6608552853723665
0.40158036720121504
0.8163839411269492
0.9053846693740626
0.6552340946729998
0.9567359028183776
0.33024637365670717
0.8910784496139256
0.15384808036387487
0.8907084923386762
0.7269187386212306
0.8833383635218024
0.3163546766606342
0.3969533550902099
0.36279244697158686
0.6562732499627362
0.05489772635894841
0.24875532634521458
0.8942692197433696
0.08461007290821865
0.9277626525064834
0.8172195852025391
0.5166968328057273
0.21226703117299017
0.25208618500848745
0.13590658264279143
0.40212549766438654
0.6495750044352256
0.6425251111586403
0.0262720515809457
0.16940249430926857
0.0018052776120318637
0.27935993593802955
0.04485480128773223
0.026627392968943453
0.1834792965543992
0.09386528193050292
0.018243868521496398
0.7368378910444527
0.4722452344209652
0.22776954141149652
0.8352010999891968
0.2891973299832149
0.7075637895241841
0.056263037617635514
0.7887116252689192
0.17573623135120398
0.10685091572428485
0.6937704269044725
0.9898555794997865
0.20100387228416405
0.890846789354809
0.37014886053127716
0.5740493238290387
0.026363707929959346
0.48923735198536344
0.0433551718871219
0.6623349444255274
0.9419969001096464
0.4667779601273032
0.556224001308161
0.758047684885159
0.9194850754696946
0.1271337867228678
0.4376387703462594
0.06111231349522639
0.3704521238745271
0.8276024375289336
0.2920536906416489
0.1753808891232892
0.39796762343197767
0.2997053075401479
0.15575312546066555
0.36427708388389946
0.7000827265319733
0.4196651634001486
0.32886930939810743
0.05251433568625419
0.33313217475893675
0.6923615220241689
0.6024055075621151
0.6569854039488161
0.07324238194412247
0.14409033718742814
0.884954364582338
0.2674899721302235
0.12019139954054103
0.8840107985133981
0.5893775958537779
0.5340085319406641
0.5670422834188102
0.5608117272246669
0.36268614168155344
0.4064901139202036
0.12789622744364493
0.9604729095823611
0.6901959578693638
0.7316909139412479
0.6257907907408727
0.568601028801412
0.9675891479906022
0.738010047119604
0.028705372820668318
0.5707009097475427
0.8866232889942113
0.7147204668547112
0.7461034270760042
0.013989012450604577
0.7720651058323138
0.8989379795062267
0.0789036916009701
0.4834226929846237
0.0002249263035171145
0.8339407839661633
0.10028355364412489
0.22950021107196683
0.3671563255946969
0.5913980304154219
0.42528348621273326
0.49895876327292255
0.03334194572271809
0.32781158253113474
0.5032627594571292
0.7408142784072484
0.030180725242328288
0.9928867722498009
0.9277423787334546
0.7456170513884053
0.5036507344545313
0.575581420509569
0.3488269295633185
0.2893134102285837
0.12152574002024785
0.6654000769370589
0.9461517980998817
0.21485445177563456
0.3208134510913967
0.5774156774473657
0.6148531440238438
0.8706141568674615
0.40249013137043854
0.5975033508773985
0.17031636792229476
0.9352530098648977
0.3189996659747858
0.8882844118538269
0.09328268434664377
0.5614322119642535
0.9221800711535779
0.7862516431224192
0.7091924747074895
0.33792859985706414
0.6769909883259624
0.11515406416992258
0.953995312239989
0.9526290910317323
0.4947702322527838
0.9174724136078025
0.30666468361996224
0.0549212897532646
0.1565803578400965
0.342831224698689
0.035387436848187015
0.5948530940129968
0.3513843276062213
0.12684268967728796
0.2991121007792147
0.6131688838717806
0.45501809472282917
0.9707946817207656
0.12004577295647112
0.700659364901147
0.21611578667837728
0.6245342424576348
0.10594943701855852
0.30045217778545585
0.8665121037854161
0.3460125014147487
0.9753717312451728
0.75444558803834
0.6731641410885333
0.7757389256322277
0.6686109237562053
0.5628850856978688
0.8606187437262984
0.3411943793984187
0.007959760233539614
0.038450530293891894
0.07388336789264338
0.547674031452134
0.16722375200214257
0.7257771895057725
0.8705432824036614
0.5793099272186933
0.41310783945088914
0.841670237161632
0.28594350209882513
0.722290387212926
0.827965950777194
0.9530807216735541
0.24430047447661185
0.12862183070542466
0.47174875167859487
0.5496608542466361
0.38725944757492325
0.21821702268551568
0.4819392773487483
0.5925354423080655
0.30090968586285494
0.08789484406408288
0.8594909428429796
0.3317907825256401
0.21135555872739564
0.43138047389493295
0.2596908677503744
0.6744848733308629
0.24135233004112788
0.9569564551882833
0.8374340037160124
0.13782590598065214
0.592140430693392
0.8472245434103669
0.47392880738411247
0.7069866171595169
0.44930832802288934
0.06936240140963656
0.06322778889734382
0.13218041198311448
0.7283734901848201
0.9956211201990466
0.4388464409413614
0.6769766869528409
0.8708722162514826
0.4895138556478902
0.0625749245514905
0.18666847805841502
0.5535104173029323
0.0916353454380272
0.5792832476062484
0.20574252699994044
0.9144803999084042
0.44340169050851774
0.1679192196096605
0.20721224309862518
0.7627073522370432
0.07361775590967601
0.3024682983933882
0.5634326329034304
0.1062380999750756
0.5829444009838594
0.11821035488772436
0.35939751631241934
0.9165925866115381
0.1519626466755294
0.025548223852190577
0.6330885459709925
0.029167607652127447
0.3075150964178348
0.042894741452066065
0.0947984005862661
0.26905762177536585
0.18327500726388157
0.48852837908076485
0.6398045177855707
0.04529254085037904
0.49726096998869573
0.7995566826850797
0.5914364266230319
0.5204057956706739
0.6402596014168069
0.8830154170790193
0.5238394839633578
0.5595401299907125
0.1471176174930099
0.7053038493872514
0.4048770215343862
0.8917138309651492
0.8916985294860176
0.32368613154321935
0.6533095194074113
0.21977380129024726
0.46027339821548285
0.39980552610498454
0.22771113975182067
0.11874816115642983
0.2617782166394669
0.28333530230131765
0.5245976108125672
0.6364024413015661
0.777890138285607
0.7409177396248835
0.5358267541620569
0.5861706161873583
0.4344645319735405
0.5015130650279492
0.4680891182697908
0.2766876096477532
0.24400086219680361
0.9910678182601891
0.8578867981140822
0.06407923140656258
0.840328638377377
0.3341164254526312
0.536863413126333
0.41917517951215244
0.8711232054649762
0.38930867106709244
0.48976817022078
0.6110252208238164
0.27263085932815634
