0.457430359861433
0.8221647596712813
0.2960272723210562
0.8338829928600561
0.6142029827207547
0.7561358605973791
0.25153634788917634
0.2643320671213163
0.15108844943530253
0.1600050214861638
0.9169403448907478
0.5236698074900199
0.2536173783187943
0.19508559861983021
0.3402532189025911
0.9220428844157282
0.33366496150482894
0.5493686145107378
0.8884089843460319
0.06185565253370573
0.5898047090715092
0.15810147961263776
0.25750480654036734
0.3977910552998586
0.1547281132451649
0.5965598180750868
0.6891113199821449
0.06652944243860459
0.30475830610494326
0.49640111014272004
0.9738767983430302
0.14483191836252163
0.6532316584249821
0.4494441011949848
0.8537969081695204
0.35417197421533264
0.17996388797210217
0.612635324526777
0.49873018694717886
0.6859290493155018
0.19093343022598197
0.5048131295766766
0.8342159766088212
0.7957536146142
0.009204179065453233
0.34459699673408195
0.3204293263533107
0.2056588582353488
0.001933966137683818
0.7393411303576183
0.2660323359801918
0.18096148958332758
0.33325038539936247
0.4977966325265911
0.8857165876198205
0.9653733706588834
0.3549862739955669
0.5784463869913934
0.07020529795847819
0.9291719022322082
0.5393585667324615
0.7166157880234583
0.5942396039768384
0.12435789661233543
0.4196233410478353
0.4831137603425417
0.3355724843169263
0.5160665731814047
0.06463616254831006
0.1576101264469093
0.34951408025206265
0.8810714400365652
0.6983091713803933
0.9795195292873791
0.06573031154221431
0.5114602307624129
0.22767331667017965
0.10437875416771791
0.04697161481150969
0.9512827585701612
0.7868669114708166
0.07307499347270474
0.34799007369141755
0.8349180080216932
0.5779150909691426
0.18441778761205385
0.6133485567693725
0.3520650846787776
0.8027453628082297
0.8122020767872139
0.4159901800799545
0.7607610188687598
0.360919741652054
0.22981555619010618
0.7422422227476613
0.3100837523164012
0.7469391360346839
0.6357241864881779
0.958244305050427
0.5236401939665222
0.7559269885320065
0.7612403916780138
0.8587761480192297
0.3004460145864005
0.15990295124748477
0.052631114206585505
0.791206591463379
0.5797295198882647
0.4968434141537119
0.04042467290602292
0.5082752551907542
0.4379182720196164
0.6824955151324642
0.7206574979580928
0.7328573340490374
0.19309666673184178
0.3381863746751683
0.2896953146632866
0.11908892585602315
0.05937829444035325
0.4877563451695094
0.22425158885589536
0.7431524067728856
0.9844119537881065
0.2998470748582076
0.19174828795261945
0.47965555916857416
0.1340764497048329
0.6992045754856452
0.5365503931417374
0.7182075293260923
0.30786133407849725
0.19431268672731816
0.24161906519277
0.7658416230378299
0.4605977365432502
0.41455211857599006
0.08553466309829705
0.7496579952540474
0.7462616949493022
0.7607563188663934
0.7149713096802742
0.759082465110856
0.7044721667436991
0.21232081401305902
0.37274015820334006
0.37172166492826164
0.4566448395919248
0.820834012718828
0.07437051037169629
0.16021172481577617
0.409113970486366
0.17773653596523753
0.9177145680527987
0.11745824538269423
0.27755668073512363
0.825625808577056
0.35439085407089554
0.859321358753741
0.10322125411476468
0.6654546045863269
0.08167133991952857
0.748153598216995
0.1498437622928176
0.5792780390991878
0.4385216167822864
0.5105121896671493
0.7697029567360268
0.6858178177502208
0.8834312283421697
0.38513339041676253
0.30471340374692424
0.47687442156844895
0.046909846600537874
0.4733209607896469
0.7034266825800277
0.34037984764121276
0.48319507831288255
0.5768829170035151
0.039731761006347566
0.5618830296487531
0.7276575910188494
0.8579416976181992
0.8569641121631912
0.8285011722468061
0.8474149426967954
0.9599766304691623
0.7324831346765688
0.1107589276071892
0.006961003637302121
0.47420143287334426
0.854132821510293
0.17180533017380173
0.2743988855910722
0.6204749543772012
0.5698473805527967
0.37067610003893614
0.5510000772533746
0.8397009534213272
0.4544309973212153
0.8341144563506641
0.4518607576935353
0.9323645766149
0.4710978890395937
0.9875185008156484
0.7639871107393392
0.10552352882427596
0.597271150308214
0.21938928173122663
0.5368068800052955
0.7455044755589947
0.40616427058405546
0.06020354026604702
0.11690248401418013
0.13422542521757108
0.026357628555858104
0.7728608922611946
0.06740862218766808
0.8546395530027546
0.03248403350170537
0.6782918286178949
0.46430801208355754
0.9380357688449096
0.14036175623204084
0.2691959400952968
0.11620021806480307
0.30789686450163645
0.6354595854256424
0.47770199055684703
0.7865674300551683
0.7452670648299617
0.40659100775894497
0.1965815499888568
0.7078516386715015
0.6249222561332436
0.1026387218465753
0.5840974296126756
0.17208904572400674
0.04008246363751089
0.49760233005008336
0.20796842497767065
0.39873460760634716
0.9566878949649046
0.01953059573071847
0.42071606423386476
0.12174237685909539
0.7009111729455415
0.7493687950182786
0.78286938313252
0.9400195119361219
0.276364769170643
0.6154884042562724
0.8221893173662608
0.6862835622284347
0.05333368503098668
0.2205593706800919
0.5550849592513101
0.8681522231910871
0.49396645074925005
0.06589095185753147
0.40336734254203543
0.31991702018029866
0.6674158939713607
0.0979559474101186
0.389003596371326
0.11053642779907169
0.24978812926578486
0.49005694314794834
0.002667055696940146
0.7980740938970553
0.6565387341862724
0.04704235552448044
0.6422552482631451
0.20260856053996867
0.20297578028841223
0.2511837203258319
0.6920572199087198
0.00190889452690568
0.7391701988105439
0.9243540079758714
0.7436242171694059
0.8868236192365265
0.7484234591843316
0.3369893594745208
0.8490295977025232
0.9279775920192168
0.5824912349035076
0.977368849540396
0.5854906770774567
0.5101279838978591
0.9605694498104801
0.29603467039615694
0.7495415978352811
0.4624293730348873
0.8763707756633761
0.03248046203567956
0.25043125825346413
0.05617761089651174
0.0816568335830693
0.4915488477592975
0.61674494936324
0.7246861513112195
0.8833394503482357
0.5097647111630392
0.6134032738395999
0.342879762948061
0.6817361281790091
0.522601174486199
0.8546167873735704
0.5776433393558591
0.9885560815191148
0.5429197099220572
0.13909290203988722
0.007335414775664906
0.018700986213539217
0.16612129384847674
0.4498492325693827
0.8116322404672233
0.1837296362050187
0.022833811219733935
0.10950481150927638
0.7121263215082585
0.3298056622187907
0.841184716515127
0.8946435558845384
0.7627759871926664
0.1617786860033994
0.9729668697676673
0.651361093282251
0.7460402247439778
0.96295468213819
0.058530498465554914
0.7794002671243416
0.6174564362189425
0.11941548811179403
0.7629058106079205
0.4253438595513609
0.6778104870577835
0.969657536781528
0.1316885606780822
0.29607410918013566
0.544555275636864
0.2841636461434699
0.568487262128693
0.240455025653996
0.6481010765267692
0.7845561390459157
0.013223453223755621
0.2884606327139173
0.9241034911042882
0.2753011562325287
0.7209875831317625
0.30209938636422284
0.15095064208607378
0.646866035816848
0.261982967381053
0.8270215275406555
0.31437847100152483
0.20372124567795047
0.6127559731059229
0.6018736496772479
0.940777113512747
0.7523250310337886
0.02060239587703605
0.7785844598935909
0.3648026196502875
0.3807009801052168
0.2676734098186846
0.7761638564348701
0.9829899978885943
0.49441691040499414
0.6869425150880176
0.7134918022181728
0.7777397401039398
0.835564622862298
0.5407709877925249
0.9388267186296387
0.3296088517001653
0.09853577135626967
0.48740435719046105
0.1709187323532817
0.5031183100856771
0.10745656790922886
0.4444291583764033
0.2753947412427583
0.033207516974546714
0.748615593828012
0.7995499853749902
0.2718009112123704
0.9743195465438523
0.06811979756646203
0.11179571438030222
0.47125726075003416
0.3773402652451404
0.6754116015193171
0.8109527412892248
0.9185574044068955
0.04519671714137463
0.960252253731375
0.010327331122753858
0.6274923371627085
0.6956503435329544
0.3053181834241654
0.0856264033678773
0.6503961980646198
0.4023836523768125
0.23431343798524484
0.03566122381396575
0.2963307958750253
0.1374170231597288
0.4793457889210594
0.7489715692036714
0.8671503277727713
0.03424458372041361
0.37900412164947905
0.5625005659170658
0.43645839947288656
0.7249317068174189
0.027040669720269528
0.7852243711001653
0.874627743092233
0.37186125014231874
0.33629777945172856
0.6975378451202777
0.7484127236507937
0.22664171518971665
0.6612082451316719
0.5783359239599256
0.417161376175202
0.3319840445982104
0.15385789887637857
0.7292839375356819
0.9369935063832149
0.03112051467821597
0.12986271264379057
0.8373447790632693
0.6610203279125026
0.6791004466519047
0.038559083188545173
0.8761741368430176
0.34940612481300315
0.5455995786478406
0.8635049314596879
0.7591189893394651
0.9537060001069432
0.11879067087311568
0.601190175008638
0.04225474371163207
0.8070164602089522
0.8194236191000218
0.777564704683477
0.5167570195561175
0.9916388272701917
0.9716809157330085
0.15434975897870085
0.5010673252481725
0.2950015511445431
0.16571569288004007
0.6797187812012742
0.6690346598217305
0.4267730288764132
0.5272341162204309
0.7118578162842741
0.862960845236526
0.2485893676707146
0.7578337511748989
0.8953148139464753
0.0554724460203887
0.34615469469421234
0.4094163059625915
0.6255233622523787
0.27690805815110275
0.4995665572022948
0.9194459224872122
0.115111474471983
0.7610307944456516
0.03455298806332274
0.28018747880578776
0.35548009409404546
0.28818454504965973
0.7314358258944784
0.6127236831402707
0.09218332026675025
0.2556022709018939
0.03194841706816365
0.0824219098061385
0.43777294795255584
0.4290501870735238
0.6032734988970678
0.5637191815215811
0.1136003034257751
0.02158753460137819
0.8934359872529862
0.7940744593932839
0.06317427615460802
0.02331983893029632
0.23607224592210085
0.36224214248433706
0.9708057104103271
0.6658850611771981
0.5716355597562924
0.03389557847735947
0.2027032595260384
0.37025603121974526
0.8112960729668061
0.18749046166108962
0.4880357807329013
0.8027832114278153
0.13044055043480085
0.884426295191319
0.9879889421557212
0.8262549866836656
0.8408345290637474
0.1658605358243186
0.44172860139738856
0.30971754471969737
0.8521671272564884
0.6837944903908392
0.0025630964685564583
0.794734330274824
0.945834781610186
0.6898394269196391
0.4245673132982245
0.7752196458121792
0.9651875485509839
0.8969615357674723
0.3367736403622523
0.32595531651053955
0.44534936296595984
0.2688398737756753
0.5197354290396556
0.3019715315675823
0.2636419836962698
0.3279496300476973
0.6821251625078347
0.03644317975656086
0.25093969346301503
0.7089558535767155
0.3818937798503783
0.45049231340718
0.4118587025319148
0.2877067504554516
0.0304702097544699
0.886988253012055
0.38295903673649545
0.08181713387709577
0.9285159125458036
0.6530801074351916
0.009276500139675514
0.22636183146957534
0.40504842116352613
0.46633937747895315
0.09032478302335933
0.19630133057239318
0.1385129821864749
0.6427673771959977
0.12727175068138585
0.19015742685936576
0.37515494107432823
0.0034299886283972736
0.335576972350787
0.20419115840440183
0.10888418713946224
0.6622836494356795
0.9062878320508809
0.8260739267266204
0.5540464329634973
0.23607292280178782
0.98854315491673
0.37151089428749107
0.38783433052235605
0.5930368372581248
0.70412135512151
0.8848700508567441
0.050859082805809086
0.2528614644021475
0.48584243233708724
0.047885364711126255
0.89632410713128
0.750220686478143
0.8917276878904647
0.34119229689976893
0.09519339484802392
0.7633122335211269
0.2092633762152979
0.4585120383716602
0.24426782924611257
0.20141882170035352
0.309980486170941
0.8863693466192831
0.5533568329563955
0.14639931816248386
0.6345073196168205
0.04291695629891101
0.1991749509947055
0.2525477674211857
0.5117628547196149
0.9374410939097916
0.131361287627917
0.40098433035635517
0.4036150655595738
0.5997520318767372
0.020500115391674623
0.7808245637703237
0.9611699271603081
0.4153129451023714
0.15661266151331366
0.33969227925916823
0.06865732612603759
0.5014116012055448
0.4501058351993571
0.2792123517585742
0.37880331608878326
0.2752822759480248
0.11186652033761346
0.5464510776881125
0.2853212411518471
0.5941769498273769
0.2643183262236207
0.19441850769806224
0.4866650812490043
0.2175365191889188
0.395231739786051
0.7362294496728438
0.6199300980357181
0.5115781153325
0.7751223991810253
0.6649824216224427
0.026802902433157194
0.7428798110715978
0.40353158513072174
0.9445868463708719
0.3737157137980227
0.2945648951836497
0.2556852636658179
0.6315800821651766
0.7527948850661272
0.5131987283259372
0.6518190436331661
0.37753152463209805
0.8039507864606363
0.40555724068213517
0.8889036407522208
0.11614933101355951
0.8182918953985322
0.6141620979493481
0.9203764391545629
0.2085447794415506
0.9690696915219654
0.19782548709537906
0.12211196997358464
0.8488778071320715
0.5365428718423794
0.12655524695381049
0.6230658380102643
0.9562977373113706
0.9895353045854536
0.2540774506459922
0.7982560883654637
0.0459586372449452
0.307856263814011
0.9048943904700101
0.43952261217790745
0.8023245237339107
0.9877404302910083
0.147176079554032
0.4905987998014846
0.8409348537046039
0.5637262680501994
0.43413533229800516
0.51769643904095
0.5109821197535325
0.6649115464418117
0.9077181976547208
0.17060280492598812
0.7032287959859292
0.6729514749326904
0.07751614474199531
0.45253727630937035
0.2899914454025334
0.4524291256806744
0.5244707639995
0.03576394606062383
0.3042662729856127
0.4679268630622516
0.03811515620360639
0.6680394949762094
0.8646318140669521
0.7401137311953451
0.5464075994296466
0.2320455239338466
0.5925422414633156
0.05052673725978596
0.5997452781802607
0.29073039042145654
0.09822847900481557
0.1476474356470575
0.33655197562621875
0.6189432122225735
0.5024426220426775
0.3168268536212421
0.5104880920574781
0.3646052803722164
0.9599876551025998
0.20546104870022153
0.05029687050822629
0.7208648309874814
0.7885510275399333
0.8439543303980421
0.28961725436676944
0.3035329761637412
0.040176200724033495
0.8974591982796504
0.2603326123556675
0.6820415966202501
0.5840406507392907
0.5968886808589918
0.8920429785039928
0.42761578854157367
0.756883793263052
0.18600688436476243
0.7015741755985749
0.9371642073206415
0.9040998174093159
0.7120922739775899
0.12779543571871732
0.5346106892663338
0.003910573253478322
0.7848246494760525
0.5665551089119646
0.5542598571301878
0.875366770763347
0.62048676906467
0.2902369997176031
0.11317955505230981
0.3241776588493914
0.29590800868135125
0.27025713559300557
0.15522238889056295
0.42023914761444126
0.9906041235953558
0.11051592167073998
0.6970689216042794
0.5284147753236602
0.6781444145414518
0.4397580337893525
0.9912218990991982
0.053606536215744294
0.4809223070191617
0.3731129642338491
0.007535343271752093
0.17523554047636258
0.31835074862399926
0.9178525631451114
0.8860778520099808
0.292067310020916
0.017106038659929657
0.9789115273126537
0.3281888008585616
0.03991774908587731
0.17872183299565192
0.3342443382133553
0.15378653642505635
0.9972192901572212
0.37485171040658627
0.21792255082149037
0.5124376066898728
0.8656578323959429
0.7719187565423338
0.12198071027096125
0.4291634885536171
0.3839610073869245
0.046902419171931164
0.019358156488148093
0.1689349517450841
0.4238010932520587
0.1660312323364771
0.9406933782907383
0.41686214564266455
0.5512919773293313
0.6348745409382883
0.7600707302910235
0.6013805831163935
0.5797472714011169
0.5000932218277058
0.5198440065987507
0.1917038194899734
0.3297950829633628
0.5917679349243135
0.7323953723633965
0.4980976732756458
0.7278215756031159
0.8775274169600553
0.5633190295166306
0.9397479604532682
0.7209050242391258
0.39080926156382345
0.18671026102395094
0.3011144025330109
0.10092036353014444
0.177431032807296
0.7084709211252149
0.1268409181863669
0.522386561965851
0.7328030875671614
0.7453610803772288
0.4526679518248683
0.9911409880091662
0.23931362222116415
0.5125311558056014
0.301816822132161
0.8874783141877929
0.038369719299227056
0.1713687433014488
0.5567264414910497
0.525796013810068
0.15533411026178534
0.9505285932650861
0.37080463513596873
0.03500885069825865
0.3268892784060754
0.043493234018884386
0.5066870888137116
0.6510485730950011
0.8256627913697057
0.6882366045503621
0.5682971197419852
0.9793117073045481
0.3062024525953402
0.4142281732227826
0.7803637236166157
0.5963937580603192
0.9665199305970648
0.905653973413781
0.5681136010388317
0.1313416557337148
0.46092223408728716
0.8790356311246256
0.5827916725814002
0.7670616697849849
0.8182788365148115
0.04352430461788359
0.5663686896546055
0.017742094040395284
0.081511031874557
0.5343085061788307
0.3725597030041322
0.12895242445667365
0.5381289730438148
0.3326868211154994
0.9967896656044386
0.2713506761686644
0.7630163209550189
0.3299929472330475
0.09577372848953325
0.6108227584112303
0.7976667818421922
0.6653749443955566
0.13473875631137722
0.9264318954529909
0.0065465193380382924
0.5358662138905059
0.3639394473012617
0.18141666073378027
0.28289547490054634
0.971616046249589
0.4392057483998416
0.8385488941310344
0.468748777343551
0.22821691199948346
0.3793498143927607
0.22283749667687502
0.5420223330496348
0.32974326454929315
0.8455192323716662
0.15154166086452536
0.1813044081880878
0.6931649584880859
0.41016798298096624
0.2909270438438878
0.27790798470403866
0.9779285047124031
0.5956447345731026
0.8947820876765396
0.3941260622560262
0.8388320476797467
0.10796531889491756
0.19632821893407915
0.10290704711245813
0.30198477891751385
0.3650029866010398
0.017578303567137743
0.31933878579139585
0.12983110007344945
0.33996265755822164
0.8927419733098213
0.158148181643344
0.827419446676286
0.784038937903592
0.9699252371375567
0.6419811596141866
0.9664396400047122
0.9693757618199627
0.4164116109550552
0.09956682946738671
0.7191732735943209
0.7958183261373365
0.10995471463326545
0.7708023034782371
0.4360853299112085
0.4474542224395439
0.6634875975436529
0.9628858709578518
0.6249657925819726
0.08846404021633247
0.19759150403364323
0.388218503005869
0.7312332971991716
0.46375386531516705
0.6666062748608922
0.6531455849690477
0.7213955115085746
0.3893260235430359
0.818090707948293
0.03276605884569084
0.17836530827996255
0.12088960486252465
0.8623052410969401
0.7687629798297076
0.1457723807125776
0.9551981593959817
0.7016508829542388
0.3274885999884771
0.8441823411631757
0.10146218374713767
0.9872759886926541
0.14098190958391166
0.18812871144367116
0.622412596727282
0.7972431205739822
0.8804667075192321
0.8173519490776376
0.47113975447764767
0.4052346846588212
0.014247008903472191
0.46596758388493265
0.7081645416262982
0.9016274643124388
0.32553452424637164
0.7942154673766512
0.5419510028689485
0.2606346219696226
0.1805254932744026
0.2921387679319878
0.2647572736611864
0.0523915304611261
0.1509895781470053
0.4550762153025075
0.7237417065863794
0.20883328479669983
0.7245354708104862
0.5275943559916113
0.1504789526958289
0.785262915796174
0.23865831421507755
0.3530632384539476
0.6523614858907278
0.20783999867359404
0.33357956595971616
0.3377688263722217
0.6047603281217913
0.43639925726470497
0.6854642129322478
0.6562635843841972
0.8947936264788571
0.3756556234458315
0.3374781656693022
0.977110108572043
0.9999939967142506
0.23557067953053312
0.4129907917758584
0.9546267247680291
0.15028003104156762
0.6766618785910461
0.25234958021289833
0.8355118878027532
0.8906734895161377
0.3027381784825107
0.18424832647133393
0.4295425381936765
0.2592148704707623
0.6359651506887047
0.4612748046577949
0.48545026185482376
0.023691913994315472
0.5221132192937686
0.6494738561756673
0.37860505051062143
0.4673497258280904
0.007873297012512936
0.14395135019823646
0.7226376988604708
0.8052971979446482
0.20919552648891893
0.25428666851491766
0.9187205827445799
0.29336580137280055
0.6934927763466474
0.19723299183245324
0.8615353419681835
0.5461621706274576
0.9591598380780809
0.4005362459520885
0.34079087585218815
0.8268956622774741
0.7033464326717784
0.646752606099552
0.33713018581890675
0.2599761806562384
0.6179093734146105
0.2766927155488965
0.8217970368677824
0.9116482200764712
0.22559503734716524
0.6581119530295407
0.41399929719300654
0.8394610545025644
0.04088631442443713
0.05941156533549652
0.5245156237302585
0.4050373909757985
0.009458540709990304
0.003035782991578806
0.4176229974482444
0.9372185418795619
0.45505260769116385
0.432248635029569
0.560900177887312
0.2983804020635068
0.3581420807581277
0.18066439474152163
0.6316686868383085
0.21875661451063533
0.9065814350144926
0.9490051909676881
0.5173508936359121
0.23195259301316917
0.25630543125966254
0.49109346966048906
0.16533479435010023
0.08402264442255836
0.6835203774199623
0.2512518704483795
0.4755520108530503
0.9201272902656987
0.10101971916924313
0.39151206020015406
0.6675200423141996
0.6217246717720317
0.2776917700191388
0.11753831612468724
0.7890503153481481
0.46502930890859395
0.7379056026141482
0.725470774293767
0.7896344774621575
0.09302106331440196
0.3971155470742723
0.06620286179240509
0.5653903211489026
0.8882563800273008
0.922537835421854
0.24221723078918989
0.26314722754325537
0.765265299833171
0.31993786269041113
0.0023878820302616344
0.3174954176574659
0.6655690728906336
0.2285449016633122
0.8652010809579831
0.24120267091588532
0.5839619891933915
0.5813333051836679
0.16641290426487132
0.08469715373234799
0.002304541532936355
0.29020905379181505
0.1002302064730245
0.58763555900175
0.7643688103007686
0.6342355483806482
0.9293513482605692
0.9403449014053388
0.6529730951902648
0.023548287657473188
0.9014918781959584
0.6735576493267754
0.5437009241751893
0.14642479105844652
0.1999225480695178
0.925118940257989
0.41349399825317934
0.09663609729542733
0.7553606811613908
0.8436072561079753
0.8714196176096334
0.14813340663413987
0.34694347342875265
0.8497055365792228
0.03794481023461471
0.02508013326978742
0.5401776373776136
0.42531530747679736
0.9555987740067338
0.8411709391607602
0.9074698081242549
0.13789814177598292
0.8015169974168482
0.6735654349846834
0.4096857667910003
0.4041544645564681
0.9428432733427873
0.311002351607901
0.040273841229829244
0.438284234316767
0.518346192146251
0.3241820407388679
0.11439464859242987
0.7240316270416469
0.5742927011595695
0.9850839267671296
0.3889805469184614
0.9312706039269603
0.6816795642724041
0.63669156038637
0.048605540973814754
0.8274033526720798
0.12395147027690645
0.8741626584528555
0.8358770307396988
0.8159765081550349
0.8353397980428197
0.8431432758920209
0.93558537751496
0.30446691505415213
0.19921843043400822
0.16112152891079934
0.7145308829865007
0.13869380830658407
0.14418226147642188
0.13589105283098402
0.8309914596313706
0.9639772773795706
0.8066870844246317
0.47847118323615934
0.19226040474985528
0.3056888290913917
0.06816940914012248
0.49283494612249923
0.7507381423665936
0.1995333711608177
0.4199926118606889
0.02658185745240238
0.5709963809986525
0.5025866099702578
0.2878138235317427
0.26607602641972605
0.5755203877591791
0.6018016050573679
0.7909322842184063
0.04913069975499684
0.9708313691118047
0.9383062739547263
0.9164896701207724
0.7595855623102369
0.5656908447230404
0.6715839129478693
0.23383323428388303
0.1516971585701712
0.2845515715223814
0.058618898904642336
0.6350993604925622
0.20384743274762152
0.25511015172373575
0.020286087352933246
0.8268342069676207
0.06374918259249118
0.3009899869878371
0.3254201166594265
0.7551114315035431
0.9399262154252526
0.4985391537486229
0.002243921430471585
0.7776603365490397
0.856034623848161
0.8927363327104416
0.3199371596090764
0.6955314526900273
0.48440868381264723
0.48797353523541065
0.19632412793327925
0.5113341739571301
0.8216517178561811
0.19371108754943078
0.9719420990739573
0.8231161590141998
0.9308307057368913
0.9268289311666574
0.36908147831861116
0.30732752446207134
0.3004549791910245
0.35313412106678
0.6127857589251263
0.32198144591464084
0.23620421651718093
0.8849671413649168
0.2888744158610127
0.3277717150668418
0.9082986046354957
0.7590189501899823
0.7372844561516192
0.04801855713896663
0.8855017622347063
0.38490854410563113
0.44883261436466515
0.966999693892869
0.5840003457953628
0.8506875949025416
0.3238559531501982
0.2080803534924407
0.29103560547197926
0.7380979017018943
0.5392178219352205
0.18808810658501107
0.49544219615179896
0.41657685647301
0.506360761632086
0.2706376794615809
0.6432353740977128
0.5736169200651751
0.5103747294658426
0.8086783412286019
0.07440505563113387
0.7518893750730107
0.02195294602475606
0.676268083445568
0.7960673327668254
0.889334891433741
0.6852736075321891
0.10838113655677395
0.12145714326080204
0.5583481020072286
0.8619431759385591
0.46074349456427477
0.5845191784756731
0.7110345760618775
0.7669766153254243
0.30687767834164537
0.09744637088265296
0.615750504308435
0.4865878420270423
0.31402950265495055
0.6547016112569488
0.9593011762895759
0.6775408421904077
0.3087888642350749
0.7646156298891126
0.5027260045468637
0.9076867078096418
0.04549811246154978
0.652372601866411
0.422284099113331
0.6941247548388374
0.024901580199447992
0.8901610609810214
0.32159992874357823
0.37960523395809165
0.07222229525419888
0.09802773621956606
0.7874470344890198
0.7513787950391929
0.26372331446102626
0.05144902978716004
0.07485795620892022
0.7294229949753838
0.8334954765431292
0.17395080046731803
0.4462398638170565
0.39237634948162936
0.6888512154127432
0.36611707026896045
0.07199884684108393
0.04649395875011786
0.6809291652437085
0.6741508305260244
0.2197086996266827
0.10370300044105019
0.3050031420145308
0.9911791596556675
0.2471552436632216
0.3299071121956789
0.40847416110294754
0.6073816667602814
0.9784390341811701
0.576939668941959
0.34066588703855927
0.4771142656813493
0.6723540815633008
0.8150699993634107
0.47659076648785925
0.36233215903894256
0.9919437277710004
0.5321234866841871
0.9811996130087984
0.19423145998124836
0.5631467917501131
0.6161606877636321
0.4367541459060158
0.5070565272441485
0.7000523337715553
0.0634925502292808
0.3234368740814628
0.05298494594605396
0.5242504969230543
0.3289020631005892
0.9833201259504198
0.6531210010395072
0.8370912447094427
0.9196730989476672
0.26378573060501076
0.2818976553223389
0.4061140907798503
0.3335404053877248
0.2500798286931629
0.6429986919307421
0.4356686877665126
0.7262295329313632
0.8418688129725833
0.6297131099247574
0.6122194345543273
0.06220460732345545
0.9092659073701931
0.680979030159987
0.5174354143382952
0.5949634710905513
0.38011013290885853
0.3853191532561785
0.7454989837187973
0.24171840590727522
0.886797050853505
0.46581210940091233
0.19167468286082234
0.5597302116190785
0.8504207943737795
0.1822806009621344
0.19543038204205587
0.6376954374671221
0.5527487216863268
0.09930853404827933
0.10209082780749368
0.12856712737363463
0.019201682813752785
0.2723409007733111
0.28775365562639366
0.3392387407294257
0.13696665614281944
0.9875906825394496
0.42394379672534444
0.31498737056903603
0.4228565853831372
0.85788537455346
0.7283653082551994
0.5047791391638152
0.4786924834656282
0.010822335929961624
0.11447499868175648
0.13752050077361766
0.6875154621656927
0.5857592368182579
0.5100340986255237
0.6898168045392332
0.25357909493787945
0.05846952914745018
0.4627471700163731
0.7356802246465898
0.0660296229015449
0.5695804107114353
0.6732196197932164
0.8498200177345933
0.5260056449465375
0.8669859875484368
0.04048879166737995
0.13040582468987183
0.6920113401486013
0.5696943726990096
0.23684552561044525
0.9607677211037144
0.5873405975522051
0.17675062171102196
0.3066329717741819
0.0691181078180747
0.4917418394269819
0.17179334606805463
0.138018623199346
0.24999875153233497
0.5602216962494011
0.8409405184252693
0.03139040572417817
0.010265372453957311
0.9275044405698083
0.5925120371411967
0.15142809956556713
0.24467928445291842
0.6800511777480881
0.8945614837282608
0.9187122844992731
0.7800327161704107
0.24755747972121767
0.40439393705093984
0.7101743066211093
0.7389148621438261
0.6318114501454049
0.8984002594802742
0.13027056203407128
0.19132349607877186
0.8541240669924223
0.005026138005072678
0.06678298952650896
0.0425294104595112
0.5685470980475135
0.6785133915198572
0.9394933430025673
0.21463594574798583
0.09700260183752729
0.4175548912069682
0.5372396724924733
0.8269439580309516
0.09824627092312277
0.6457471914798815
0.5663596597731944
0.7933051619088503
0.7042665249061103
0.5679723958250741
0.34091548241226444
0.17820364134792333
0.9819072076381234
0.5729168046458023
0.7812866914255313
0.4559030987021764
0.9010641034632687
0.46437457852873343
0.08971145729888552
0.24315727257550912
0.4580917066500585
0.4919468550706494
0.887079887632278
0.8824771097036457
0.5603607782826556
0.02973827849176114
0.9813381951234277
0.7957964505917273
0.25654405954990345
0.826595614226775
0.735626314292832
0.21736456083852862
0.8838406802047086
0.6758939334499571
0.460999391257808
0.4943835566660184
0.84111206624625
0.7901523619279585
0.4849140017652396
0.13513497181279888
0.9504396695579218
0.9257238560677998
0.1623369582528318
0.6881525570514854
0.3897588945039756
0.7636504785677084
0.9812394908052683
0.18530721582199206
0.20631166682354474
0.4745885652490889
0.2586343614356489
0.6213172323850954
0.9642466064672439
0.07205743518485708
0.7664952929754728
0.3251819128604516
0.9757654084576702
0.6840730964827959
0.5983439620708085
0.1579709684231272
0.9158806061915424
0.23249422306773837
0.1402415932948181
0.3148375781755687
0.7496509759261225
0.5755018902664233
0.7114701454738444
0.6213448368844054
0.9566361777562056
0.3303935345266684
0.6798303479381048
0.496607951690313
0.547105922508382
0.23792692433879947
0.9147751339558279
0.36272269474514995
0.3660078270368229
0.7031457582305424
0.151019419972103
0.18561440017819464
0.8944532391867192
0.470266254859636
0.9985141685453003
0.4937367022781197
0.7635884622422503
0.5484684045943501
0.16866915793659976
0.8388884267688167
0.9370367384253533
0.19579926476181775
0.9207582603251997
0.3492302566537959
0.816842770782554
0.2814072700726512
0.651475788112052
0.05016662389880289
0.8961662992174293
0.9871963806704529
0.47352584424055744
0.9458238289931384
0.9018560039218656
0.21678119770154425
0.8765146668921121
0.11625540868548234
0.6252238481553384
0.3906131583221566
0.12109523485142248
0.183542670654246
0.22353879408251398
0.9836321411928892
0.7233197186765501
0.41139811876417476
0.5550987950804618
0.6995427000697443
0.9599102325651074
0.42917102620293857
0.5109499958296742
0.526202725250867
0.6693666726092552
0.06966514223708553
0.9399751321493177
0.344191572893223
0.18467497190547144
0.7018552680020891
0.11424522667640591
0.6242926806822517
0.13856847807523087
0.5093468893533853
0.021968523267410056
0.24391043199189133
0.10862675871895355
0.8540276708304075
0.16438304641876833
0.12848581248035018
0.5162274998634814
0.41236667824849305
0.7369450989643807
0.14050461964804906
0.6143529734982561
0.2981214349467909
0.7139172487701063
0.16552755921346696
0.7311189061286653
0.6088625296861808
0.5973729182400633
0.613150514504722
0.6069259975864758
0.19665668380636014
0.9109080341009219
0.695636858146439
0.9872287867313403
0.26856159878699426
0.7742018282791765
0.8025671198052313
0.34187426868054804
0.21713252884568657
0.9507951620267842
0.22722505539820192
0.6536090457610144
0.16856436663141694
0.6870545388988663
0.06045807906409617
0.42345350246039914
0.5187741968786556
0.9302114093742365
0.18389851339264396
0.5859582917710527
0.35972034341148706
0.6903187550421855
0.9750087450859454
0.4182824361740016
0.07069798561958884
0.6014093912719053
0.2443237504211807
0.343936860542737
0.04151672906512904
0.13141648500669745
0.09046075238931306
0.8138782977680202
0.5816779437745643
0.06322543746039733
0.6473894490725476
0.14033810578097572
0.7845872471595282
0.7381639163385056
0.40831557952849196
0.21330276749964838
0.2058157040439259
0.03196184560168425
0.00839996573642987
0.3499305927217782
0.1498894146595383
0.8870480290868854
0.5491242588532571
0.47389063076076055
0.08189858658094784
0.7767674787649638
0.3140771228918603
0.9385367142614497
0.5891298828373319
0.32067211813145313
0.7593752777222725
0.1955239698308019
0.9148745506453986
0.2949615186222537
0.5121950787091742
0.22174532115554169
0.019720027171208354
0.315574759922559
0.7023574653304003
0.15833725308557478
0.07713446932394086
0.8241693243809844
0.5696521813179009
0.4532054699880552
0.06434482571962707
0.9022999028922403
0.8570594607807988
0.3397291302347637
0.8700556649976134
0.663425051252572
0.24665893818341145
0.817059246844943
0.13913817738212075
0.3367024582842906
0.23361924036220805
0.6671274473516536
0.2627149497108472
0.6651581320893324
0.792850586682348
0.6805191517796001
0.8765961479253624
0.8782631845402568
0.5786691008704923
0.1737668071832439
0.9273912125454199
0.45813776288263897
0.3777113294299912
0.34492905448444633
0.18349893265682427
0.4558718597097574
0.8958051225519973
0.6024060300120593
0.518034962774392
0.7829609294549996
0.3852543891415974
0.407733308645597
0.2440445358183566
0.08168575207480411
0.050818951021062486
0.06545991614411117
0.5057041670325666
0.2759725969506184
0.1191757939611292
0.935379497785912
0.40242020592944727
0.7511027796828557
0.5791313686566565
0.9759800615496215
0.14381608326975737
0.680117649887143
0.6335875230683001
0.007641666104957201
0.7801869200194208
0.04456514065864281
0.2935082499005085
0.4186192338673105
0.46741167867646727
0.9765702421164378
0.2446557305660899
0.95165675093874
0.9621009582948132
0.5725989350830719
0.3703337077426352
0.8810555256720072
0.7437546892778933
0.2856434721015352
0.15375328992435644
0.9055234247206937
0.6395867551724622
0.06464392346718495
0.3612909601642733
0.8785650548359218
0.8519760646730021
0.6262080842670646
0.9701621558154934
0.37176646883048003
0.9105269141836059
0.049582748957271994
0.602557607451071
0.5811868853781842
0.30545328819285744
0.042178774269347574
0.4714967352180206
0.04912838472451775
0.8425257623322562
0.05689893573869076
0.47964327023777475
0.9500672512410976
0.6733414373681591
0.9200720662265265
0.977716976500514
0.4763013551001517
0.06519998790172143
0.16919043690226732
0.4063161203628429
0.43199103244427306
0.9699325465220985
0.6581553176884143
0.569611088671583
0.571866882762002
0.9944775565384033
0.1153891074739748
0.5180487142987459
0.2221999441952347
0.41381248930709336
0.8779283126635274
0.972425986360233
0.7961585674175702
0.6259023044516369
0.10441698209406314
0.42590711784293955
0.2175951337852049
0.27817894766023366
0.5209761182081464
0.7415174222191198
0.2135294782913265
0.5293618633419753
0.14004471114023787
0.45669789751778256
0.6464216861705264
0.06593617032875054
0.15217966385403914
0.9809303741628997
0.5758390110738132
0.004320715449940282
0.147058550522286
0.01524823360849914
0.8565384615876408
0.2763451967390388
0.7799733582384024
0.09817854110734381
0.9775784116530387
0.413447113967332
0.604433364148948
0.06530459884953976
0.8555656275886315
0.8828250432152278
0.8938110267790867
0.7547833685089831
0.9801087956774028
0.36439178460227384
0.5099410175061915
0.9708273843582139
0.15157450644269077
0.08277737574469546
0.6024009399881104
0.14430581052392533
0.5292308895944716
0.4256312157438594
0.7091199604273222
0.28293307940696544
0.9685708073529646
0.7977047029711906
0.021920451893787885
0.2161408389632039
0.2591136317465127
0.8501524530705313
0.4663832325963835
0.6555800118875982
0.038390989294180056
0.064596471715468
0.6070508634436356
0.7022622835577254
0.11785586376782065
0.7668000701353379
0.1837581694356899
0.19140756520749647
0.6515071503811419
0.4087411600595079
0.4660821015562492
0.31587769596337956
0.6597900961144564
0.0974401601952184
0.777107742397293
0.0011601742114221159
0.9417142531242487
0.60640000261619
0.8176465474817558
0.1289424091441651
0.9103533982637574
0.696775479827694
0.9453352071261067
0.1326472694604336
0.8095979938155698
0.8372536325186684
0.379190924566011
0.422014933551629
0.08440522906659975
0.2623348182006715
0.30972923274312125
0.6842876969500408
0.36534734232283306
0.18299552386796192
0.34621497666681644
0.4029762469176785
0.9262230188453918
0.4241089202565843
0.15705456206956447
0.6018499690688032
0.7605567225149468
0.18050506499536012
0.9188727039137341
0.43771075952226246
0.5679754422412006
0.7937130511247783
0.7506664623491629
0.6238633786791097
0.9112515968005437
0.6727901232607093
0.5923344490287524
0.5662185477626748
0.7187873588599394
0.9615868703242796
0.4810643858819028
0.00034994334415616724
0.8309758107780101
0.2252956720056818
0.3667992691015708
0.349569835460268
0.9644143547169852
0.0052603634897252505
0.0901111893842238
0.6729066449252444
0.0969349008242868
0.272784128859787
0.2835482376105636
0.06798677717070667
0.008381521948504278
0.9865638707689665
0.31489546137043
0.5584800156090587
0.6817672285036648
0.4774592545699238
0.7113522629311075
0.3291315037912671
0.7725386883761528
0.7175256319800526
0.9403987606232298
0.3385824264530536
0.3170487762404849
0.36141430957586496
0.07385380867410285
0.4345592777704359
0.34491519104518575
0.1278039495635076
0.9245821679533689
0.27066573517139214
0.9112681114737993
0.5741800654640445
0.3111721068503148
0.6996138122037683
0.4955160799859558
0.7416270452405731
0.2579897360001592
0.7319362338872173
0.5775494866565882
0.23541357037829191
0.17790368774101128
0.9110126406471918
0.629687107776994
0.04686046700300095
0.5849612820355349
0.16552840387200307
0.8793566893620239
0.6609463906471184
0.849877995668226
0.7270697931119741
0.6030104760382411
0.4484874568523679
0.0656991274274158
0.3927618638134276
0.35588456893740583
0.875851853657278
0.7802233022503234
0.5014495579633514
0.48978667402881415
0.4319485230700263
0.35970438382694203
0.3440924805698533
0.31010908465146947
0.1122839447053583
0.629183984175673
0.658511550796071
0.6101216736243911
0.7063553664071625
0.600851362018528
0.08985844436067092
0.0966548232165153
0.6712480682994588
0.2655003831730043
0.20457273655657804
0.45098273454777615
0.1611989511105657
0.28412545818980384
0.7823480805183973
0.7292227578310436
0.35016676200438746
0.6732822261502933
0.22125973189427106
0.08711163579792658
0.7106074467249944
0.8588687392161861
0.8997529042525367
0.08614080367687738
0.2246209459795292
0.4891277263083086
0.5355113067133602
0.3556384948655841
0.4022960779452267
0.15670557036644117
0.45981960289746204
0.022214578604098256
0.1876715211802371
0.3627550997653759
0.5535353932847383
0.48874864035608123
0.4607104115345917
0.5738647252368926
0.9809665210939494
0.512010962398979
0.6931157631251315
0.7430088707702915
0.11123761706630253
0.208449078403384
0.8192123206410702
0.652559267697062
0.939918727592964
0.857002421573585
0.3342241407579799
0.21900491253727372
0.8748744303244786
0.05090360276792272
0.18627275780938557
0.478522076140139
0.38455681500664696
0.9673830883966978
0.2564954935460583
0.330405536364636
0.18277215433002558
0.8601913056215329
0.6282902549719439
0.4424970960511284
0.9959136559594413
0.17527600353084383
0.5468527558559442
0.5692557346196507
0.2612747315590709
0.733323202602817
0.4783624045598497
0.9275592279753191
0.24954642664460658
0.18622816479097104
0.5978465140281968
0.39360866534539585
0.1119878832708312
